
#################################################################
# Summary Statistics
#################################################################

DIC = 2542.806

                            Mean    SD  2.5%    5%   25%   50%   75%   95% 97.5%
Epsilon.1                  0.464 0.024 0.420 0.427 0.448 0.464 0.481 0.504 0.512
species.SD                 1.486 0.325 0.997 1.050 1.252 1.437 1.657 2.105 2.272
Lake.SD                    0.553 0.093 0.393 0.413 0.486 0.543 0.611 0.719 0.760
p.global.Aq                0.856 0.060 0.722 0.745 0.821 0.864 0.899 0.939 0.950
p.global.Ter               0.144 0.060 0.050 0.061 0.101 0.136 0.179 0.255 0.278
p.Asellus_littoral.Aq      0.360 0.042 0.280 0.293 0.331 0.359 0.387 0.430 0.445
p.Bleak.Aq                 0.895 0.026 0.841 0.851 0.878 0.897 0.914 0.936 0.943
p.Bulk_BMI_littoral.Aq     0.566 0.044 0.478 0.494 0.536 0.566 0.596 0.640 0.655
p.Bulk_BMI_profundal.Aq    0.393 0.045 0.305 0.320 0.362 0.394 0.423 0.470 0.484
p.Bulk_ZPL.Aq              0.878 0.026 0.823 0.833 0.861 0.878 0.895 0.919 0.926
p.Chaoborus.Aq             0.980 0.012 0.954 0.959 0.973 0.981 0.988 0.996 0.997
p.Chironomid_littoral.Aq   0.722 0.049 0.622 0.639 0.689 0.724 0.756 0.801 0.815
p.Chironomid_Profundal.Aq  0.202 0.037 0.134 0.143 0.176 0.201 0.227 0.267 0.279
p.Cladocera.Aq             0.763 0.036 0.690 0.702 0.740 0.763 0.788 0.822 0.832
p.Copepods.Aq              0.986 0.013 0.950 0.959 0.980 0.991 0.997 0.999 1.000
p.Perch_large.Aq           0.856 0.031 0.790 0.802 0.836 0.858 0.878 0.905 0.913
p.Perch_medium.Aq          0.928 0.019 0.886 0.895 0.916 0.930 0.941 0.957 0.961
p.Perch_small.Aq           0.982 0.009 0.962 0.966 0.977 0.983 0.988 0.994 0.995
p.Pike.Aq                  0.794 0.046 0.699 0.716 0.764 0.795 0.826 0.865 0.876
p.Roach_large.Aq           0.947 0.018 0.908 0.916 0.935 0.948 0.959 0.973 0.977
p.Roach_small.Aq           0.967 0.017 0.928 0.935 0.956 0.969 0.980 0.991 0.994
p.Ruffe.Aq                 0.746 0.035 0.672 0.685 0.723 0.747 0.769 0.802 0.813
p.Smelt.Aq                 0.994 0.005 0.980 0.983 0.991 0.995 0.998 1.000 1.000
p.Vendace.Aq               0.936 0.033 0.860 0.876 0.919 0.941 0.960 0.981 0.985
p.Asellus_littoral.Ter     0.640 0.042 0.555 0.570 0.613 0.641 0.669 0.707 0.720
p.Bleak.Ter                0.105 0.026 0.057 0.064 0.086 0.103 0.122 0.149 0.159
p.Bulk_BMI_littoral.Ter    0.434 0.044 0.345 0.360 0.404 0.434 0.464 0.506 0.522
p.Bulk_BMI_profundal.Ter   0.607 0.045 0.516 0.530 0.577 0.606 0.638 0.680 0.695
p.Bulk_ZPL.Ter             0.122 0.026 0.074 0.081 0.105 0.122 0.139 0.167 0.177
p.Chaoborus.Ter            0.020 0.012 0.003 0.004 0.012 0.019 0.027 0.041 0.046
p.Chironomid_littoral.Ter  0.278 0.049 0.185 0.199 0.244 0.276 0.311 0.361 0.378
p.Chironomid_Profundal.Ter 0.798 0.037 0.721 0.733 0.773 0.799 0.824 0.857 0.866
p.Cladocera.Ter            0.237 0.036 0.168 0.178 0.212 0.237 0.260 0.298 0.310
p.Copepods.Ter             0.014 0.013 0.000 0.001 0.003 0.009 0.020 0.041 0.050
p.Perch_large.Ter          0.144 0.031 0.087 0.095 0.122 0.142 0.164 0.198 0.210
p.Perch_medium.Ter         0.072 0.019 0.039 0.043 0.059 0.070 0.084 0.105 0.114
p.Perch_small.Ter          0.018 0.009 0.005 0.006 0.012 0.017 0.023 0.034 0.038
p.Pike.Ter                 0.206 0.046 0.124 0.135 0.174 0.205 0.236 0.284 0.301
p.Roach_large.Ter          0.053 0.018 0.023 0.027 0.041 0.052 0.065 0.084 0.092
p.Roach_small.Ter          0.033 0.017 0.006 0.009 0.020 0.031 0.044 0.065 0.072
p.Ruffe.Ter                0.254 0.035 0.187 0.198 0.231 0.253 0.277 0.315 0.328
p.Smelt.Ter                0.006 0.005 0.000 0.000 0.002 0.005 0.009 0.017 0.020
p.Vendace.Ter              0.064 0.033 0.015 0.019 0.040 0.059 0.081 0.124 0.140
p.Alajarvi.Aq              0.953 0.028 0.881 0.898 0.940 0.959 0.973 0.986 0.989
p.Alanne.Aq                0.678 0.124 0.416 0.463 0.594 0.688 0.768 0.867 0.892
p.Arkusjarvi.Aq            0.728 0.112 0.480 0.519 0.659 0.739 0.810 0.889 0.910
p.Erajarvi.Aq              0.815 0.076 0.642 0.675 0.771 0.825 0.870 0.922 0.936
p.Haapajarvi.Aq            0.898 0.048 0.782 0.809 0.873 0.906 0.932 0.961 0.967
p.Hameenjarvi.Aq           0.884 0.062 0.739 0.767 0.851 0.895 0.930 0.963 0.971
p.Hiidenvesi.Aq            0.916 0.044 0.806 0.833 0.894 0.924 0.948 0.972 0.978
p.Hirvijarvi.Aq            0.746 0.104 0.517 0.557 0.682 0.755 0.822 0.894 0.912
p.Horkajarvi.Aq            0.736 0.110 0.491 0.532 0.666 0.747 0.819 0.894 0.915
p.Joroisselka.Aq           0.852 0.066 0.699 0.728 0.814 0.861 0.900 0.942 0.952
p.Jyvasjarvi.Aq            0.731 0.093 0.532 0.568 0.673 0.738 0.796 0.872 0.890
p.Kakkisenjarvi.Aq         0.686 0.115 0.441 0.484 0.611 0.693 0.771 0.861 0.882
p.Kakskerranjarvi.Aq       0.774 0.097 0.552 0.600 0.716 0.785 0.844 0.911 0.929
p.Koylionjarvi.Aq          0.754 0.096 0.536 0.575 0.694 0.765 0.824 0.891 0.908
p.Kuhajarvi.Aq             0.900 0.061 0.759 0.787 0.869 0.913 0.943 0.973 0.979
p.Kuontijarvi.Aq           0.956 0.028 0.884 0.902 0.943 0.962 0.975 0.987 0.991
p.Majajarvi.Aq             0.836 0.075 0.668 0.702 0.791 0.849 0.891 0.937 0.948
p.Niemisjarvi.Aq           0.848 0.066 0.692 0.725 0.811 0.857 0.895 0.938 0.948
p.Paajarvi.Aq              0.945 0.029 0.870 0.887 0.930 0.951 0.966 0.981 0.984
p.Pankajarvi.Aq            0.793 0.083 0.603 0.638 0.743 0.801 0.855 0.912 0.925
p.Pesosjarvi.Aq            0.895 0.054 0.765 0.793 0.866 0.906 0.934 0.963 0.969
p.Pusulanjarvi.Aq          0.785 0.091 0.573 0.615 0.734 0.796 0.853 0.910 0.928
p.Pyhajarvi.Aq             0.808 0.106 0.553 0.601 0.748 0.827 0.888 0.945 0.956
p.Ruokojarvi.Aq            0.809 0.083 0.619 0.658 0.761 0.819 0.869 0.925 0.942
p.Saaksjarvi.Aq            0.937 0.032 0.859 0.876 0.921 0.943 0.960 0.978 0.982
p.Saaskjarvi.Aq            0.765 0.101 0.531 0.582 0.706 0.780 0.840 0.907 0.926
p.Suuri-Vahvanen.Aq        0.884 0.055 0.755 0.783 0.853 0.893 0.924 0.956 0.965
p.Suuri Jukajarvi.Aq       0.929 0.036 0.843 0.861 0.909 0.935 0.955 0.975 0.979
p.Tottijarvi.Aq            0.855 0.068 0.691 0.727 0.820 0.866 0.905 0.945 0.955
p.Valkea-Kotinen.Aq        0.894 0.059 0.749 0.784 0.865 0.906 0.937 0.968 0.973
p.Vesijarvi.Aq             0.911 0.048 0.795 0.818 0.886 0.919 0.946 0.972 0.977
p.Viippero.Aq              0.814 0.083 0.624 0.659 0.767 0.823 0.875 0.927 0.941
p.Viitaanjarvi.Aq          0.899 0.051 0.778 0.804 0.871 0.907 0.935 0.964 0.970
p.Villikkalanjarvi.Aq      0.793 0.100 0.560 0.608 0.735 0.809 0.865 0.926 0.941
p.Ylisjarvi.Aq             0.921 0.050 0.795 0.823 0.897 0.933 0.957 0.980 0.985
p.Alajarvi.Ter             0.047 0.028 0.011 0.014 0.027 0.041 0.060 0.102 0.119
p.Alanne.Ter               0.322 0.124 0.108 0.133 0.232 0.312 0.406 0.537 0.584
p.Arkusjarvi.Ter           0.272 0.112 0.090 0.111 0.190 0.261 0.341 0.481 0.520
p.Erajarvi.Ter             0.185 0.076 0.064 0.078 0.130 0.175 0.229 0.325 0.358
p.Haapajarvi.Ter           0.102 0.048 0.033 0.039 0.068 0.094 0.127 0.191 0.218
p.Hameenjarvi.Ter          0.116 0.062 0.029 0.037 0.070 0.105 0.149 0.233 0.261
p.Hiidenvesi.Ter           0.084 0.044 0.022 0.028 0.052 0.076 0.106 0.167 0.194
p.Hirvijarvi.Ter           0.254 0.104 0.088 0.106 0.178 0.245 0.318 0.443 0.483
p.Horkajarvi.Ter           0.264 0.110 0.085 0.106 0.181 0.253 0.334 0.468 0.509
p.Joroisselka.Ter          0.148 0.066 0.048 0.058 0.100 0.139 0.186 0.272 0.301
p.Jyvasjarvi.Ter           0.269 0.093 0.110 0.128 0.204 0.262 0.327 0.432 0.468
p.Kakkisenjarvi.Ter        0.314 0.115 0.118 0.139 0.229 0.307 0.389 0.516 0.559
p.Kakskerranjarvi.Ter      0.226 0.097 0.071 0.089 0.156 0.215 0.284 0.400 0.448
p.Koylionjarvi.Ter         0.246 0.096 0.092 0.109 0.176 0.235 0.306 0.425 0.464
p.Kuhajarvi.Ter            0.100 0.061 0.021 0.027 0.057 0.087 0.131 0.213 0.241
p.Kuontijarvi.Ter          0.044 0.028 0.009 0.013 0.025 0.038 0.057 0.098 0.116
p.Majajarvi.Ter            0.164 0.075 0.052 0.063 0.109 0.151 0.209 0.298 0.332
p.Niemisjarvi.Ter          0.152 0.066 0.052 0.062 0.105 0.143 0.189 0.275 0.308
p.Paajarvi.Ter             0.055 0.029 0.016 0.019 0.034 0.049 0.070 0.113 0.130
p.Pankajarvi.Ter           0.207 0.083 0.075 0.088 0.145 0.199 0.257 0.362 0.397
p.Pesosjarvi.Ter           0.105 0.054 0.031 0.037 0.066 0.094 0.134 0.207 0.235
p.Pusulanjarvi.Ter         0.215 0.091 0.072 0.090 0.147 0.204 0.266 0.385 0.427
p.Pyhajarvi.Ter            0.192 0.106 0.044 0.055 0.112 0.173 0.252 0.399 0.447
p.Ruokojarvi.Ter           0.191 0.083 0.058 0.075 0.131 0.181 0.239 0.342 0.381
p.Saaksjarvi.Ter           0.063 0.032 0.018 0.022 0.040 0.057 0.079 0.124 0.141
p.Saaskjarvi.Ter           0.235 0.101 0.074 0.093 0.160 0.220 0.294 0.418 0.469
p.Suuri-Vahvanen.Ter       0.116 0.055 0.035 0.044 0.076 0.107 0.147 0.217 0.245
p.Suuri Jukajarvi.Ter      0.071 0.036 0.021 0.025 0.045 0.065 0.091 0.139 0.157
p.Tottijarvi.Ter           0.145 0.068 0.045 0.055 0.095 0.134 0.180 0.273 0.309
p.Valkea-Kotinen.Ter       0.106 0.059 0.027 0.032 0.063 0.094 0.135 0.216 0.251
p.Vesijarvi.Ter            0.089 0.048 0.023 0.028 0.054 0.081 0.114 0.182 0.205
p.Viippero.Ter             0.186 0.083 0.059 0.073 0.125 0.177 0.233 0.341 0.376
p.Viitaanjarvi.Ter         0.101 0.051 0.030 0.036 0.065 0.093 0.129 0.196 0.222
p.Villikkalanjarvi.Ter     0.207 0.100 0.059 0.074 0.135 0.191 0.265 0.392 0.440
p.Ylisjarvi.Ter            0.079 0.050 0.015 0.020 0.043 0.067 0.103 0.177 0.205
