
#################################################################
# Summary Statistics
#################################################################

DIC = 2528.324

                            Mean    SD  2.5%    5%   25%   50%   75%   95% 97.5%
Epsilon.1                  0.460 0.024 0.414 0.420 0.443 0.459 0.476 0.502 0.510
species.SD                 1.490 0.330 0.997 1.056 1.257 1.448 1.667 2.071 2.277
Lake.SD                    0.688 0.114 0.495 0.520 0.612 0.676 0.752 0.895 0.952
p.global.Aq                0.847 0.070 0.662 0.703 0.812 0.861 0.898 0.932 0.941
p.global.Ter               0.153 0.070 0.059 0.068 0.102 0.139 0.188 0.297 0.338
p.Asellus_littoral.Aq      0.377 0.048 0.285 0.300 0.344 0.376 0.408 0.457 0.472
p.Bleak.Aq                 0.901 0.028 0.840 0.853 0.884 0.903 0.921 0.944 0.951
p.Bulk_BMI_littoral.Aq     0.555 0.052 0.454 0.470 0.521 0.556 0.588 0.642 0.659
p.Bulk_BMI_profundal.Aq    0.386 0.054 0.286 0.298 0.351 0.386 0.422 0.474 0.497
p.Bulk_ZPL.Aq              0.882 0.028 0.821 0.834 0.865 0.884 0.901 0.925 0.932
p.Chaoborus.Aq             0.980 0.012 0.951 0.958 0.973 0.983 0.989 0.996 0.997
p.Chironomid_littoral.Aq   0.670 0.054 0.560 0.577 0.635 0.670 0.707 0.757 0.772
p.Chironomid_Profundal.Aq  0.196 0.041 0.124 0.134 0.167 0.194 0.223 0.264 0.284
p.Cladocera.Aq             0.769 0.042 0.681 0.696 0.742 0.771 0.798 0.835 0.847
p.Copepods.Aq              0.985 0.014 0.950 0.956 0.977 0.989 0.996 0.999 1.000
p.Perch_large.Aq           0.828 0.039 0.746 0.760 0.804 0.831 0.856 0.886 0.896
p.Perch_medium.Aq          0.927 0.022 0.879 0.889 0.914 0.929 0.942 0.958 0.963
p.Perch_small.Aq           0.978 0.009 0.956 0.960 0.972 0.979 0.984 0.990 0.992
p.Pike.Aq                  0.775 0.054 0.665 0.683 0.739 0.777 0.814 0.860 0.872
p.Roach_large.Aq           0.953 0.020 0.908 0.917 0.942 0.956 0.968 0.982 0.986
p.Roach_small.Aq           0.971 0.017 0.933 0.941 0.961 0.973 0.983 0.994 0.996
p.Ruffe.Aq                 0.743 0.044 0.653 0.669 0.714 0.744 0.772 0.813 0.824
p.Smelt.Aq                 0.993 0.006 0.978 0.981 0.991 0.995 0.998 1.000 1.000
p.Vendace.Aq               0.926 0.034 0.846 0.863 0.906 0.931 0.950 0.972 0.978
p.Asellus_littoral.Ter     0.623 0.048 0.528 0.543 0.592 0.624 0.656 0.700 0.715
p.Bleak.Ter                0.099 0.028 0.049 0.056 0.079 0.097 0.116 0.147 0.160
p.Bulk_BMI_littoral.Ter    0.445 0.052 0.341 0.358 0.412 0.444 0.479 0.530 0.546
p.Bulk_BMI_profundal.Ter   0.614 0.054 0.503 0.526 0.578 0.614 0.649 0.702 0.714
p.Bulk_ZPL.Ter             0.118 0.028 0.068 0.075 0.099 0.116 0.135 0.166 0.179
p.Chaoborus.Ter            0.020 0.012 0.003 0.004 0.011 0.017 0.027 0.042 0.049
p.Chironomid_littoral.Ter  0.330 0.054 0.228 0.243 0.293 0.330 0.365 0.423 0.440
p.Chironomid_Profundal.Ter 0.804 0.041 0.716 0.736 0.777 0.806 0.833 0.866 0.876
p.Cladocera.Ter            0.231 0.042 0.153 0.165 0.202 0.229 0.258 0.304 0.319
p.Copepods.Ter             0.015 0.014 0.000 0.001 0.004 0.011 0.023 0.044 0.050
p.Perch_large.Ter          0.172 0.039 0.104 0.114 0.144 0.169 0.196 0.240 0.254
p.Perch_medium.Ter         0.073 0.022 0.037 0.042 0.058 0.071 0.086 0.111 0.121
p.Perch_small.Ter          0.022 0.009 0.008 0.010 0.016 0.021 0.028 0.040 0.044
p.Pike.Ter                 0.225 0.054 0.128 0.140 0.186 0.223 0.261 0.317 0.335
p.Roach_large.Ter          0.047 0.020 0.014 0.018 0.032 0.044 0.058 0.083 0.092
p.Roach_small.Ter          0.029 0.017 0.004 0.006 0.017 0.027 0.039 0.059 0.067
p.Ruffe.Ter                0.257 0.044 0.176 0.187 0.228 0.256 0.286 0.331 0.347
p.Smelt.Ter                0.007 0.006 0.000 0.000 0.002 0.005 0.009 0.019 0.022
p.Vendace.Ter              0.074 0.034 0.022 0.028 0.050 0.069 0.094 0.137 0.154
p.Alajarvi.Aq              0.954 0.029 0.876 0.897 0.943 0.961 0.975 0.986 0.990
p.Alanne.Aq                0.503 0.139 0.233 0.264 0.408 0.505 0.605 0.723 0.763
p.Arkusjarvi.Aq            0.661 0.146 0.346 0.397 0.564 0.679 0.776 0.871 0.893
p.Erajarvi.Aq              0.816 0.080 0.625 0.663 0.771 0.831 0.873 0.919 0.929
p.Haapajarvi.Aq            0.836 0.072 0.653 0.695 0.799 0.850 0.889 0.929 0.937
p.Hameenjarvi.Aq           0.904 0.057 0.753 0.787 0.879 0.918 0.945 0.969 0.975
p.Hiidenvesi.Aq            0.939 0.034 0.846 0.871 0.922 0.947 0.963 0.979 0.982
p.Hirvijarvi.Aq            0.826 0.095 0.587 0.639 0.779 0.844 0.895 0.941 0.952
p.Horkajarvi.Aq            0.791 0.111 0.522 0.582 0.734 0.813 0.875 0.927 0.938
p.Joroisselka.Aq           0.833 0.075 0.645 0.691 0.792 0.848 0.888 0.929 0.939
p.Jyvasjarvi.Aq            0.759 0.091 0.542 0.578 0.704 0.773 0.826 0.881 0.896
p.Kakkisenjarvi.Aq         0.590 0.137 0.299 0.345 0.503 0.599 0.693 0.799 0.824
p.Kakskerranjarvi.Aq       0.621 0.162 0.298 0.337 0.507 0.628 0.739 0.879 0.921
p.Koylionjarvi.Aq          0.723 0.113 0.455 0.513 0.655 0.740 0.808 0.876 0.894
p.Kuhajarvi.Aq             0.918 0.053 0.776 0.816 0.895 0.932 0.957 0.978 0.982
p.Kuontijarvi.Aq           0.957 0.031 0.879 0.898 0.945 0.965 0.978 0.989 0.992
p.Majajarvi.Aq             0.894 0.067 0.724 0.764 0.861 0.910 0.942 0.969 0.975
p.Niemisjarvi.Aq           0.823 0.077 0.636 0.672 0.781 0.837 0.880 0.923 0.934
p.Paajarvi.Aq              0.958 0.025 0.894 0.910 0.947 0.964 0.976 0.986 0.988
p.Pankajarvi.Aq            0.706 0.109 0.465 0.508 0.635 0.719 0.786 0.861 0.878
p.Pesosjarvi.Aq            0.893 0.060 0.740 0.776 0.864 0.906 0.936 0.963 0.969
p.Pusulanjarvi.Aq          0.869 0.061 0.710 0.751 0.837 0.882 0.913 0.947 0.955
p.Pyhajarvi.Aq             0.899 0.056 0.758 0.789 0.871 0.912 0.940 0.966 0.972
p.Ruokojarvi.Aq            0.793 0.091 0.569 0.619 0.741 0.811 0.859 0.912 0.923
p.Saaksjarvi.Aq            0.889 0.057 0.746 0.775 0.860 0.902 0.930 0.957 0.964
p.Saaskjarvi.Aq            0.809 0.090 0.589 0.635 0.757 0.829 0.875 0.923 0.934
p.Suuri-Vahvanen.Aq        0.833 0.077 0.649 0.687 0.793 0.848 0.889 0.930 0.941
p.Suuri Jukajarvi.Aq       0.912 0.048 0.792 0.820 0.890 0.923 0.946 0.968 0.973
p.Tottijarvi.Aq            0.832 0.086 0.618 0.665 0.786 0.849 0.894 0.939 0.949
p.Valkea-Kotinen.Aq        0.690 0.120 0.417 0.465 0.617 0.704 0.779 0.858 0.880
p.Vesijarvi.Aq             0.867 0.081 0.660 0.707 0.829 0.883 0.926 0.962 0.970
p.Viippero.Aq              0.799 0.097 0.561 0.609 0.744 0.816 0.870 0.923 0.936
p.Viitaanjarvi.Aq          0.823 0.082 0.624 0.659 0.777 0.839 0.883 0.928 0.938
p.Villikkalanjarvi.Aq      0.851 0.073 0.670 0.705 0.813 0.867 0.903 0.942 0.950
p.Ylisjarvi.Aq             0.973 0.021 0.917 0.932 0.965 0.978 0.987 0.994 0.995
p.Alajarvi.Ter             0.046 0.029 0.010 0.014 0.025 0.039 0.057 0.103 0.124
p.Alanne.Ter               0.497 0.139 0.237 0.277 0.395 0.495 0.592 0.736 0.767
p.Arkusjarvi.Ter           0.339 0.146 0.107 0.129 0.224 0.321 0.436 0.603 0.654
p.Erajarvi.Ter             0.184 0.080 0.071 0.081 0.127 0.169 0.229 0.337 0.375
p.Haapajarvi.Ter           0.164 0.072 0.063 0.071 0.111 0.150 0.201 0.305 0.347
p.Hameenjarvi.Ter          0.096 0.057 0.025 0.031 0.055 0.082 0.121 0.213 0.247
p.Hiidenvesi.Ter           0.061 0.034 0.018 0.021 0.037 0.053 0.078 0.129 0.154
p.Hirvijarvi.Ter           0.174 0.095 0.048 0.059 0.105 0.156 0.221 0.361 0.413
p.Horkajarvi.Ter           0.209 0.111 0.062 0.073 0.125 0.187 0.266 0.418 0.478
p.Joroisselka.Ter          0.167 0.075 0.061 0.071 0.112 0.152 0.208 0.309 0.355
p.Jyvasjarvi.Ter           0.241 0.091 0.104 0.119 0.174 0.227 0.296 0.422 0.458
p.Kakkisenjarvi.Ter        0.410 0.137 0.176 0.201 0.307 0.401 0.497 0.655 0.701
p.Kakskerranjarvi.Ter      0.379 0.162 0.079 0.121 0.261 0.372 0.493 0.663 0.702
p.Koylionjarvi.Ter         0.277 0.113 0.106 0.124 0.192 0.260 0.345 0.487 0.545
p.Kuhajarvi.Ter            0.082 0.053 0.018 0.022 0.043 0.068 0.105 0.184 0.224
p.Kuontijarvi.Ter          0.043 0.031 0.008 0.011 0.022 0.035 0.055 0.102 0.121
p.Majajarvi.Ter            0.106 0.067 0.025 0.031 0.058 0.090 0.139 0.236 0.276
p.Niemisjarvi.Ter          0.177 0.077 0.066 0.077 0.120 0.163 0.219 0.328 0.364
p.Paajarvi.Ter             0.042 0.025 0.012 0.014 0.024 0.036 0.053 0.090 0.106
p.Pankajarvi.Ter           0.294 0.109 0.122 0.139 0.214 0.281 0.365 0.492 0.535
p.Pesosjarvi.Ter           0.107 0.060 0.031 0.037 0.064 0.094 0.136 0.224 0.260
p.Pusulanjarvi.Ter         0.131 0.061 0.045 0.053 0.087 0.118 0.163 0.249 0.290
p.Pyhajarvi.Ter            0.101 0.056 0.028 0.034 0.060 0.088 0.129 0.211 0.242
p.Ruokojarvi.Ter           0.207 0.091 0.077 0.088 0.141 0.189 0.259 0.381 0.431
p.Saaksjarvi.Ter           0.111 0.057 0.036 0.043 0.070 0.098 0.140 0.225 0.254
p.Saaskjarvi.Ter           0.191 0.090 0.066 0.077 0.125 0.171 0.243 0.365 0.411
p.Suuri-Vahvanen.Ter       0.167 0.077 0.059 0.070 0.111 0.152 0.207 0.313 0.351
p.Suuri Jukajarvi.Ter      0.088 0.048 0.027 0.032 0.054 0.077 0.110 0.180 0.208
p.Tottijarvi.Ter           0.168 0.086 0.051 0.061 0.106 0.151 0.214 0.335 0.382
p.Valkea-Kotinen.Ter       0.310 0.120 0.120 0.142 0.221 0.296 0.383 0.535 0.583
p.Vesijarvi.Ter            0.133 0.081 0.030 0.038 0.074 0.117 0.171 0.293 0.340
p.Viippero.Ter             0.201 0.097 0.064 0.077 0.130 0.184 0.256 0.391 0.439
p.Viitaanjarvi.Ter         0.177 0.082 0.062 0.072 0.117 0.161 0.223 0.341 0.376
p.Villikkalanjarvi.Ter     0.149 0.073 0.050 0.058 0.097 0.133 0.187 0.295 0.330
p.Ylisjarvi.Ter            0.027 0.021 0.005 0.006 0.013 0.022 0.035 0.068 0.083
