
#################################################################
# Summary Statistics
#################################################################

DIC = 2384.375

                            Mean    SD  2.5%    5%   25%   50%   75%   95% 97.5%
Epsilon.1                  0.467 0.024 0.421 0.428 0.450 0.467 0.483 0.508 0.517
species.SD                 1.670 0.374 1.111 1.170 1.407 1.606 1.868 2.368 2.536
Lake.SD                    0.482 0.086 0.337 0.352 0.421 0.475 0.536 0.636 0.668
p.global.Aq                0.863 0.073 0.674 0.723 0.833 0.877 0.910 0.948 0.958
p.global.Ter               0.137 0.073 0.042 0.052 0.090 0.123 0.167 0.277 0.326
p.Asellus_littoral.Aq      0.410 0.037 0.340 0.352 0.384 0.409 0.433 0.471 0.484
p.Bleak.Aq                 0.913 0.026 0.859 0.868 0.896 0.915 0.931 0.953 0.958
p.Bulk_BMI_littoral.Aq     0.570 0.038 0.498 0.507 0.544 0.569 0.595 0.633 0.648
p.Bulk_BMI_profundal.Aq    0.317 0.040 0.243 0.255 0.290 0.317 0.343 0.384 0.398
p.Bulk_ZPL.Aq              0.894 0.025 0.844 0.852 0.877 0.895 0.912 0.935 0.943
p.Chaoborus.Aq             0.986 0.010 0.961 0.967 0.982 0.989 0.994 0.998 0.999
p.Chironomid_littoral.Aq   0.693 0.046 0.604 0.618 0.662 0.693 0.723 0.769 0.786
p.Chironomid_Profundal.Aq  0.166 0.032 0.108 0.116 0.143 0.164 0.186 0.222 0.233
p.Cladocera.Aq             0.775 0.037 0.704 0.715 0.751 0.775 0.800 0.834 0.845
p.Copepods.Aq              0.993 0.009 0.969 0.975 0.990 0.996 0.999 1.000 1.000
p.Perch_large.Aq           0.849 0.033 0.782 0.793 0.827 0.851 0.872 0.901 0.908
p.Perch_medium.Aq          0.931 0.019 0.890 0.897 0.918 0.932 0.945 0.959 0.963
p.Perch_small.Aq           0.982 0.009 0.961 0.966 0.977 0.984 0.989 0.994 0.995
p.Pike.Aq                  0.784 0.051 0.680 0.697 0.750 0.787 0.819 0.864 0.875
p.Roach_large.Aq           0.942 0.018 0.903 0.910 0.931 0.944 0.955 0.969 0.973
p.Roach_small.Aq           0.972 0.016 0.936 0.943 0.962 0.974 0.984 0.994 0.996
p.Ruffe.Aq                 0.734 0.035 0.665 0.675 0.710 0.734 0.756 0.791 0.803
p.Smelt.Aq                 0.995 0.005 0.982 0.986 0.993 0.997 0.999 1.000 1.000
p.Vendace.Aq               0.976 0.017 0.933 0.941 0.967 0.979 0.988 0.995 0.996
p.Asellus_littoral.Ter     0.590 0.037 0.516 0.529 0.567 0.591 0.616 0.648 0.660
p.Bleak.Ter                0.087 0.026 0.042 0.047 0.069 0.085 0.104 0.132 0.141
p.Bulk_BMI_littoral.Ter    0.430 0.038 0.352 0.367 0.405 0.431 0.456 0.493 0.502
p.Bulk_BMI_profundal.Ter   0.683 0.040 0.602 0.616 0.657 0.683 0.710 0.745 0.757
p.Bulk_ZPL.Ter             0.106 0.025 0.057 0.065 0.088 0.105 0.123 0.148 0.156
p.Chaoborus.Ter            0.014 0.010 0.001 0.002 0.006 0.011 0.018 0.033 0.039
p.Chironomid_littoral.Ter  0.307 0.046 0.214 0.231 0.277 0.307 0.338 0.382 0.396
p.Chironomid_Profundal.Ter 0.834 0.032 0.767 0.778 0.814 0.836 0.857 0.884 0.892
p.Cladocera.Ter            0.225 0.037 0.155 0.166 0.200 0.225 0.249 0.285 0.296
p.Copepods.Ter             0.007 0.009 0.000 0.000 0.001 0.004 0.010 0.025 0.031
p.Perch_large.Ter          0.151 0.033 0.092 0.099 0.128 0.149 0.173 0.207 0.218
p.Perch_medium.Ter         0.069 0.019 0.037 0.041 0.055 0.068 0.082 0.103 0.110
p.Perch_small.Ter          0.018 0.009 0.005 0.006 0.011 0.016 0.023 0.034 0.039
p.Pike.Ter                 0.216 0.051 0.125 0.136 0.181 0.213 0.250 0.303 0.320
p.Roach_large.Ter          0.058 0.018 0.027 0.031 0.045 0.056 0.069 0.090 0.097
p.Roach_small.Ter          0.028 0.016 0.004 0.006 0.016 0.026 0.038 0.057 0.064
p.Ruffe.Ter                0.266 0.035 0.197 0.209 0.244 0.266 0.290 0.325 0.335
p.Smelt.Ter                0.005 0.005 0.000 0.000 0.001 0.003 0.007 0.014 0.018
p.Vendace.Ter              0.024 0.017 0.004 0.005 0.012 0.021 0.033 0.059 0.067
p.Alajarvi.Aq              0.936 0.044 0.824 0.854 0.921 0.946 0.964 0.981 0.985
p.Alanne.Aq                0.849 0.086 0.631 0.690 0.809 0.866 0.908 0.948 0.958
p.Arkusjarvi.Aq            0.742 0.120 0.467 0.517 0.678 0.761 0.829 0.900 0.916
p.Erajarvi.Aq              0.841 0.083 0.622 0.683 0.805 0.857 0.899 0.940 0.951
p.Haapajarvi.Aq            0.823 0.088 0.600 0.654 0.782 0.839 0.885 0.931 0.941
p.Hameenjarvi.Aq           0.876 0.072 0.693 0.741 0.846 0.893 0.925 0.958 0.965
p.Hiidenvesi.Aq            0.922 0.050 0.794 0.829 0.905 0.934 0.956 0.976 0.980
p.Hirvijarvi.Aq            0.843 0.085 0.633 0.686 0.803 0.860 0.903 0.944 0.955
p.Horkajarvi.Aq            0.768 0.112 0.513 0.561 0.706 0.786 0.850 0.913 0.927
p.Joroisselka.Aq           0.854 0.079 0.644 0.703 0.821 0.869 0.908 0.947 0.955
p.Jyvasjarvi.Aq            0.794 0.096 0.554 0.615 0.748 0.810 0.860 0.915 0.929
p.Kakkisenjarvi.Aq         0.729 0.120 0.450 0.505 0.661 0.746 0.818 0.889 0.905
p.Kakskerranjarvi.Aq       0.670 0.147 0.334 0.394 0.582 0.686 0.780 0.880 0.906
p.Koylionjarvi.Aq          0.711 0.131 0.400 0.459 0.637 0.730 0.805 0.891 0.910
p.Kuhajarvi.Aq             0.936 0.054 0.797 0.840 0.919 0.950 0.969 0.986 0.990
p.Kuontijarvi.Aq           0.944 0.041 0.843 0.872 0.930 0.955 0.971 0.986 0.989
p.Majajarvi.Aq             0.894 0.069 0.720 0.763 0.865 0.910 0.941 0.969 0.975
p.Niemisjarvi.Aq           0.862 0.077 0.663 0.717 0.831 0.877 0.914 0.950 0.959
p.Paajarvi.Aq              0.955 0.031 0.874 0.899 0.944 0.962 0.975 0.986 0.989
p.Pankajarvi.Aq            0.811 0.095 0.568 0.633 0.767 0.829 0.879 0.929 0.941
p.Pesosjarvi.Aq            0.861 0.080 0.654 0.713 0.828 0.877 0.915 0.951 0.959
p.Pusulanjarvi.Aq          0.875 0.072 0.691 0.746 0.845 0.890 0.923 0.956 0.964
p.Pyhajarvi.Aq             0.890 0.071 0.701 0.756 0.861 0.907 0.939 0.968 0.975
p.Ruokojarvi.Aq            0.822 0.093 0.582 0.646 0.781 0.840 0.888 0.937 0.948
p.Saaksjarvi.Aq            0.898 0.059 0.741 0.791 0.876 0.911 0.938 0.964 0.970
p.Saaskjarvi.Aq            0.826 0.095 0.585 0.647 0.780 0.844 0.892 0.942 0.953
p.Suuri-Vahvanen.Aq        0.874 0.073 0.699 0.742 0.842 0.889 0.923 0.957 0.965
p.Suuri Jukajarvi.Aq       0.937 0.043 0.824 0.861 0.921 0.947 0.964 0.980 0.985
p.Tottijarvi.Aq            0.876 0.074 0.684 0.742 0.845 0.891 0.925 0.959 0.967
p.Valkea-Kotinen.Aq        0.860 0.085 0.641 0.706 0.822 0.878 0.919 0.957 0.967
p.Vesijarvi.Aq             0.855 0.085 0.636 0.692 0.817 0.873 0.914 0.955 0.963
p.Viippero.Aq              0.791 0.102 0.533 0.599 0.740 0.809 0.861 0.921 0.933
p.Viitaanjarvi.Aq          0.837 0.085 0.626 0.677 0.799 0.853 0.895 0.939 0.949
p.Villikkalanjarvi.Aq      0.872 0.074 0.682 0.733 0.839 0.889 0.923 0.957 0.966
p.Ylisjarvi.Aq             0.896 0.067 0.720 0.766 0.870 0.912 0.942 0.968 0.975
p.Alajarvi.Ter             0.064 0.044 0.015 0.019 0.036 0.054 0.079 0.146 0.176
p.Alanne.Ter               0.151 0.086 0.042 0.052 0.092 0.134 0.191 0.310 0.369
p.Arkusjarvi.Ter           0.258 0.120 0.084 0.100 0.171 0.239 0.322 0.483 0.533
p.Erajarvi.Ter             0.159 0.083 0.049 0.060 0.101 0.143 0.195 0.317 0.378
p.Haapajarvi.Ter           0.177 0.088 0.059 0.069 0.115 0.161 0.218 0.346 0.400
p.Hameenjarvi.Ter          0.124 0.072 0.035 0.042 0.075 0.107 0.154 0.259 0.307
p.Hiidenvesi.Ter           0.078 0.050 0.020 0.024 0.044 0.066 0.095 0.171 0.206
p.Hirvijarvi.Ter           0.157 0.085 0.045 0.056 0.097 0.140 0.197 0.314 0.367
p.Horkajarvi.Ter           0.232 0.112 0.073 0.087 0.150 0.214 0.294 0.439 0.487
p.Joroisselka.Ter          0.146 0.079 0.045 0.053 0.092 0.131 0.179 0.297 0.356
p.Jyvasjarvi.Ter           0.206 0.096 0.071 0.085 0.140 0.190 0.252 0.385 0.446
p.Kakkisenjarvi.Ter        0.271 0.120 0.095 0.111 0.182 0.254 0.339 0.495 0.550
p.Kakskerranjarvi.Ter      0.330 0.147 0.094 0.120 0.220 0.314 0.418 0.606 0.666
p.Koylionjarvi.Ter         0.289 0.131 0.090 0.109 0.195 0.270 0.363 0.541 0.600
p.Kuhajarvi.Ter            0.064 0.054 0.010 0.014 0.031 0.050 0.081 0.160 0.203
p.Kuontijarvi.Ter          0.056 0.041 0.011 0.014 0.029 0.045 0.070 0.128 0.157
p.Majajarvi.Ter            0.106 0.069 0.025 0.031 0.059 0.090 0.135 0.237 0.280
p.Niemisjarvi.Ter          0.138 0.077 0.041 0.050 0.086 0.123 0.169 0.283 0.337
p.Paajarvi.Ter             0.045 0.031 0.011 0.014 0.025 0.038 0.056 0.101 0.126
p.Pankajarvi.Ter           0.189 0.095 0.059 0.071 0.121 0.171 0.233 0.367 0.432
p.Pesosjarvi.Ter           0.139 0.080 0.041 0.049 0.085 0.123 0.172 0.287 0.346
p.Pusulanjarvi.Ter         0.125 0.072 0.036 0.044 0.077 0.110 0.155 0.254 0.309
p.Pyhajarvi.Ter            0.110 0.071 0.025 0.032 0.061 0.093 0.139 0.244 0.299
p.Ruokojarvi.Ter           0.178 0.093 0.052 0.063 0.112 0.160 0.219 0.354 0.418
p.Saaksjarvi.Ter           0.102 0.059 0.030 0.036 0.062 0.089 0.124 0.209 0.259
p.Saaskjarvi.Ter           0.174 0.095 0.047 0.058 0.108 0.156 0.220 0.353 0.415
p.Suuri-Vahvanen.Ter       0.126 0.073 0.035 0.043 0.077 0.111 0.158 0.258 0.301
p.Suuri Jukajarvi.Ter      0.063 0.043 0.015 0.020 0.036 0.053 0.079 0.139 0.176
p.Tottijarvi.Ter           0.124 0.074 0.033 0.041 0.075 0.109 0.155 0.258 0.316
p.Valkea-Kotinen.Ter       0.140 0.085 0.033 0.043 0.081 0.122 0.178 0.294 0.359
p.Vesijarvi.Ter            0.145 0.085 0.037 0.045 0.086 0.127 0.183 0.308 0.364
p.Viippero.Ter             0.209 0.102 0.067 0.079 0.139 0.191 0.260 0.401 0.467
p.Viitaanjarvi.Ter         0.163 0.085 0.051 0.061 0.105 0.147 0.201 0.323 0.374
p.Villikkalanjarvi.Ter     0.128 0.074 0.034 0.043 0.077 0.111 0.161 0.267 0.318
p.Ylisjarvi.Ter            0.104 0.067 0.025 0.032 0.058 0.088 0.130 0.234 0.280
