
#################################################################
# Summary Statistics
#################################################################

DIC = 2121.483

                            Mean    SD  2.5%    5%   25%   50%   75%   95% 97.5%
Epsilon.1                  0.447 0.023 0.404 0.410 0.431 0.447 0.463 0.486 0.494
species.SD                 1.571 0.348 1.037 1.096 1.326 1.514 1.768 2.225 2.392
Lake.SD                    0.426 0.074 0.304 0.322 0.375 0.417 0.470 0.559 0.585
p.global.Aq                0.890 0.047 0.779 0.802 0.864 0.898 0.925 0.952 0.959
p.global.Ter               0.110 0.047 0.041 0.048 0.075 0.102 0.136 0.198 0.221
p.Asellus_littoral.Aq      0.475 0.033 0.411 0.422 0.453 0.475 0.498 0.531 0.543
p.Bleak.Aq                 0.923 0.022 0.876 0.885 0.909 0.924 0.938 0.956 0.961
p.Bulk_BMI_littoral.Aq     0.621 0.033 0.556 0.567 0.598 0.621 0.642 0.676 0.685
p.Bulk_BMI_profundal.Aq    0.395 0.036 0.322 0.334 0.371 0.396 0.418 0.455 0.466
p.Bulk_ZPL.Aq              0.901 0.022 0.858 0.864 0.886 0.901 0.916 0.935 0.941
p.Chaoborus.Aq             0.987 0.009 0.964 0.969 0.982 0.989 0.994 0.998 0.999
p.Chironomid_littoral.Aq   0.729 0.038 0.652 0.666 0.704 0.730 0.755 0.790 0.800
p.Chironomid_Profundal.Aq  0.259 0.033 0.199 0.207 0.236 0.258 0.280 0.314 0.325
p.Cladocera.Aq             0.794 0.029 0.736 0.744 0.775 0.794 0.814 0.842 0.851
p.Copepods.Aq              0.992 0.009 0.967 0.973 0.989 0.995 0.998 1.000 1.000
p.Perch_large.Aq           0.857 0.027 0.803 0.812 0.839 0.858 0.876 0.898 0.905
p.Perch_medium.Aq          0.939 0.017 0.903 0.910 0.928 0.940 0.951 0.964 0.968
p.Perch_small.Aq           0.984 0.008 0.966 0.971 0.980 0.986 0.990 0.995 0.996
p.Pike.Aq                  0.799 0.042 0.715 0.728 0.769 0.800 0.827 0.865 0.876
p.Roach_large.Aq           0.949 0.016 0.915 0.921 0.939 0.950 0.960 0.973 0.976
p.Roach_small.Aq           0.978 0.013 0.948 0.953 0.970 0.980 0.987 0.995 0.997
p.Ruffe.Aq                 0.764 0.030 0.704 0.714 0.744 0.763 0.783 0.814 0.822
p.Smelt.Aq                 0.996 0.004 0.983 0.986 0.994 0.997 0.999 1.000 1.000
p.Vendace.Aq               0.979 0.014 0.944 0.951 0.972 0.982 0.989 0.995 0.996
p.Asellus_littoral.Ter     0.525 0.033 0.457 0.469 0.502 0.525 0.547 0.578 0.589
p.Bleak.Ter                0.077 0.022 0.039 0.044 0.062 0.076 0.091 0.115 0.124
p.Bulk_BMI_littoral.Ter    0.379 0.033 0.315 0.324 0.358 0.379 0.402 0.433 0.444
p.Bulk_BMI_profundal.Ter   0.605 0.036 0.534 0.545 0.582 0.604 0.629 0.666 0.678
p.Bulk_ZPL.Ter             0.099 0.022 0.059 0.065 0.084 0.099 0.114 0.136 0.142
p.Chaoborus.Ter            0.013 0.009 0.001 0.002 0.006 0.011 0.018 0.031 0.036
p.Chironomid_littoral.Ter  0.271 0.038 0.200 0.210 0.245 0.270 0.296 0.334 0.348
p.Chironomid_Profundal.Ter 0.741 0.033 0.675 0.686 0.720 0.742 0.764 0.793 0.801
p.Cladocera.Ter            0.206 0.029 0.149 0.158 0.186 0.206 0.225 0.256 0.264
p.Copepods.Ter             0.008 0.009 0.000 0.000 0.002 0.005 0.011 0.027 0.033
p.Perch_large.Ter          0.143 0.027 0.095 0.102 0.124 0.142 0.161 0.188 0.197
p.Perch_medium.Ter         0.061 0.017 0.032 0.036 0.049 0.060 0.072 0.090 0.097
p.Perch_small.Ter          0.016 0.008 0.004 0.005 0.010 0.014 0.020 0.029 0.034
p.Pike.Ter                 0.201 0.042 0.124 0.135 0.173 0.200 0.231 0.272 0.285
p.Roach_large.Ter          0.051 0.016 0.024 0.027 0.040 0.050 0.061 0.079 0.085
p.Roach_small.Ter          0.022 0.013 0.003 0.005 0.013 0.020 0.030 0.047 0.052
p.Ruffe.Ter                0.236 0.030 0.178 0.186 0.217 0.237 0.256 0.286 0.296
p.Smelt.Ter                0.004 0.004 0.000 0.000 0.001 0.003 0.006 0.014 0.017
p.Vendace.Ter              0.021 0.014 0.004 0.005 0.011 0.018 0.028 0.049 0.056
p.Alajarvi.Aq              0.944 0.030 0.869 0.887 0.929 0.950 0.965 0.979 0.983
p.Alanne.Aq                0.870 0.060 0.726 0.755 0.835 0.881 0.915 0.948 0.957
p.Arkusjarvi.Aq            0.821 0.078 0.634 0.671 0.774 0.834 0.878 0.924 0.937
p.Erajarvi.Aq              0.869 0.056 0.736 0.763 0.836 0.879 0.910 0.944 0.951
p.Haapajarvi.Aq            0.852 0.062 0.707 0.735 0.815 0.862 0.897 0.935 0.943
p.Hameenjarvi.Aq           0.893 0.051 0.770 0.795 0.866 0.903 0.929 0.959 0.966
p.Hiidenvesi.Aq            0.928 0.037 0.837 0.857 0.910 0.935 0.955 0.974 0.978
p.Hirvijarvi.Aq            0.883 0.054 0.751 0.780 0.854 0.893 0.923 0.953 0.961
p.Horkajarvi.Aq            0.833 0.075 0.663 0.694 0.788 0.846 0.889 0.932 0.945
p.Joroisselka.Aq           0.882 0.053 0.757 0.779 0.852 0.890 0.920 0.951 0.960
p.Jyvasjarvi.Aq            0.821 0.069 0.663 0.692 0.780 0.831 0.872 0.918 0.931
p.Kakkisenjarvi.Aq         0.788 0.086 0.595 0.629 0.735 0.800 0.854 0.906 0.921
p.Kakskerranjarvi.Aq       0.771 0.101 0.541 0.587 0.708 0.786 0.846 0.908 0.925
p.Koylionjarvi.Aq          0.759 0.101 0.523 0.572 0.696 0.774 0.835 0.898 0.914
p.Kuhajarvi.Aq             0.959 0.025 0.896 0.912 0.948 0.965 0.977 0.987 0.990
p.Kuontijarvi.Aq           0.955 0.026 0.885 0.904 0.943 0.962 0.974 0.986 0.988
p.Majajarvi.Aq             0.916 0.044 0.806 0.831 0.891 0.925 0.948 0.970 0.975
p.Niemisjarvi.Aq           0.881 0.053 0.757 0.780 0.851 0.890 0.921 0.950 0.958
p.Paajarvi.Aq              0.956 0.023 0.900 0.912 0.944 0.961 0.972 0.984 0.987
p.Pankajarvi.Aq            0.845 0.066 0.689 0.720 0.806 0.854 0.893 0.935 0.944
p.Pesosjarvi.Aq            0.884 0.054 0.750 0.781 0.856 0.894 0.923 0.952 0.960
p.Pusulanjarvi.Aq          0.891 0.049 0.771 0.797 0.864 0.901 0.927 0.954 0.962
p.Pyhajarvi.Aq             0.915 0.045 0.803 0.830 0.891 0.924 0.948 0.970 0.975
p.Ruokojarvi.Aq            0.874 0.058 0.734 0.764 0.840 0.886 0.916 0.948 0.958
p.Saaksjarvi.Aq            0.907 0.042 0.809 0.828 0.884 0.915 0.938 0.962 0.968
p.Saaskjarvi.Aq            0.863 0.064 0.708 0.741 0.825 0.875 0.911 0.945 0.955
p.Suuri-Vahvanen.Aq        0.904 0.046 0.794 0.815 0.880 0.913 0.938 0.962 0.969
p.Suuri Jukajarvi.Aq       0.941 0.029 0.871 0.886 0.926 0.948 0.963 0.978 0.981
p.Tottijarvi.Aq            0.898 0.050 0.776 0.804 0.872 0.907 0.935 0.961 0.968
p.Valkea-Kotinen.Aq        0.899 0.052 0.775 0.800 0.870 0.909 0.938 0.964 0.971
p.Vesijarvi.Aq             0.887 0.056 0.752 0.779 0.856 0.898 0.928 0.958 0.964
p.Viippero.Aq              0.835 0.071 0.668 0.704 0.792 0.846 0.888 0.929 0.943
p.Viitaanjarvi.Aq          0.857 0.061 0.712 0.742 0.823 0.868 0.902 0.940 0.949
p.Villikkalanjarvi.Aq      0.891 0.053 0.759 0.787 0.863 0.902 0.930 0.957 0.965
p.Ylisjarvi.Aq             0.924 0.040 0.824 0.847 0.905 0.932 0.953 0.972 0.977
p.Alajarvi.Ter             0.056 0.030 0.017 0.021 0.035 0.050 0.071 0.113 0.131
p.Alanne.Ter               0.130 0.060 0.043 0.052 0.085 0.119 0.165 0.245 0.274
p.Arkusjarvi.Ter           0.179 0.078 0.063 0.076 0.122 0.166 0.226 0.329 0.366
p.Erajarvi.Ter             0.131 0.056 0.049 0.056 0.090 0.121 0.164 0.237 0.264
p.Haapajarvi.Ter           0.148 0.062 0.057 0.065 0.103 0.138 0.185 0.265 0.293
p.Hameenjarvi.Ter          0.107 0.051 0.034 0.041 0.071 0.097 0.134 0.205 0.230
p.Hiidenvesi.Ter           0.072 0.037 0.022 0.026 0.045 0.065 0.090 0.143 0.163
p.Hirvijarvi.Ter           0.117 0.054 0.039 0.047 0.077 0.107 0.146 0.220 0.249
p.Horkajarvi.Ter           0.167 0.075 0.055 0.068 0.111 0.154 0.212 0.306 0.337
p.Joroisselka.Ter          0.118 0.053 0.040 0.049 0.080 0.110 0.148 0.221 0.243
p.Jyvasjarvi.Ter           0.179 0.069 0.069 0.082 0.128 0.169 0.220 0.308 0.337
p.Kakkisenjarvi.Ter        0.212 0.086 0.079 0.094 0.146 0.200 0.265 0.371 0.405
p.Kakskerranjarvi.Ter      0.229 0.101 0.075 0.092 0.154 0.214 0.292 0.413 0.459
p.Koylionjarvi.Ter         0.241 0.101 0.086 0.102 0.165 0.226 0.304 0.428 0.477
p.Kuhajarvi.Ter            0.041 0.025 0.010 0.013 0.023 0.035 0.052 0.088 0.104
p.Kuontijarvi.Ter          0.045 0.026 0.012 0.014 0.026 0.038 0.057 0.096 0.115
p.Majajarvi.Ter            0.084 0.044 0.025 0.030 0.052 0.075 0.109 0.169 0.194
p.Niemisjarvi.Ter          0.119 0.053 0.042 0.050 0.079 0.110 0.149 0.220 0.243
p.Paajarvi.Ter             0.044 0.023 0.013 0.016 0.028 0.039 0.056 0.088 0.100
p.Pankajarvi.Ter           0.155 0.066 0.056 0.065 0.107 0.146 0.194 0.280 0.311
p.Pesosjarvi.Ter           0.116 0.054 0.040 0.048 0.077 0.106 0.144 0.219 0.250
p.Pusulanjarvi.Ter         0.109 0.049 0.038 0.046 0.073 0.099 0.136 0.203 0.229
p.Pyhajarvi.Ter            0.085 0.045 0.025 0.030 0.052 0.076 0.109 0.170 0.197
p.Ruokojarvi.Ter           0.126 0.058 0.042 0.052 0.084 0.114 0.160 0.236 0.266
p.Saaksjarvi.Ter           0.093 0.042 0.032 0.038 0.062 0.085 0.116 0.172 0.191
p.Saaskjarvi.Ter           0.137 0.064 0.045 0.055 0.089 0.125 0.175 0.259 0.292
p.Suuri-Vahvanen.Ter       0.096 0.046 0.031 0.038 0.062 0.087 0.120 0.185 0.206
p.Suuri Jukajarvi.Ter      0.059 0.029 0.019 0.022 0.037 0.052 0.074 0.114 0.129
p.Tottijarvi.Ter           0.102 0.050 0.032 0.039 0.065 0.093 0.128 0.196 0.224
p.Valkea-Kotinen.Ter       0.101 0.052 0.029 0.036 0.062 0.091 0.130 0.200 0.225
p.Vesijarvi.Ter            0.113 0.056 0.036 0.042 0.072 0.102 0.144 0.221 0.248
p.Viippero.Ter             0.165 0.071 0.057 0.071 0.112 0.154 0.208 0.296 0.332
p.Viitaanjarvi.Ter         0.143 0.061 0.051 0.060 0.098 0.132 0.177 0.258 0.288
p.Villikkalanjarvi.Ter     0.109 0.053 0.035 0.043 0.070 0.098 0.137 0.213 0.241
p.Ylisjarvi.Ter            0.076 0.040 0.023 0.028 0.047 0.068 0.095 0.153 0.176
