
#################################################################
# Summary Statistics
#################################################################

DIC = 2505

                            Mean    SD  2.5%    5%   25%   50%   75%   95% 97.5%
Epsilon.1                  0.460 0.024 0.415 0.422 0.444 0.460 0.476 0.500 0.509
species.SD                 1.621 0.362 1.068 1.127 1.366 1.564 1.822 2.283 2.472
Lake.SD                    0.498 0.093 0.345 0.363 0.433 0.489 0.553 0.666 0.708
p.global.Aq                0.881 0.054 0.759 0.782 0.848 0.889 0.921 0.952 0.961
p.global.Ter               0.119 0.054 0.039 0.048 0.079 0.111 0.152 0.218 0.241
p.Asellus_littoral.Aq      0.406 0.038 0.333 0.343 0.380 0.405 0.431 0.468 0.481
p.Bleak.Aq                 0.922 0.024 0.870 0.881 0.907 0.924 0.939 0.959 0.964
p.Bulk_BMI_littoral.Aq     0.583 0.040 0.506 0.518 0.557 0.583 0.610 0.649 0.663
p.Bulk_BMI_profundal.Aq    0.403 0.044 0.317 0.332 0.373 0.403 0.433 0.475 0.490
p.Bulk_ZPL.Aq              0.888 0.025 0.835 0.844 0.872 0.888 0.905 0.928 0.934
p.Chaoborus.Aq             0.989 0.009 0.968 0.972 0.984 0.990 0.995 0.999 0.999
p.Chironomid_littoral.Aq   0.688 0.048 0.595 0.608 0.656 0.689 0.721 0.768 0.784
p.Chironomid_Profundal.Aq  0.207 0.038 0.135 0.147 0.181 0.206 0.231 0.273 0.285
p.Cladocera.Aq             0.771 0.037 0.695 0.709 0.746 0.772 0.795 0.831 0.841
p.Copepods.Aq              0.990 0.011 0.960 0.967 0.986 0.994 0.998 1.000 1.000
p.Perch_large.Aq           0.866 0.032 0.797 0.809 0.846 0.869 0.888 0.914 0.922
p.Perch_medium.Aq          0.939 0.018 0.901 0.908 0.929 0.941 0.952 0.966 0.970
p.Perch_small.Aq           0.984 0.008 0.966 0.969 0.980 0.985 0.990 0.995 0.996
p.Pike.Aq                  0.816 0.050 0.705 0.724 0.784 0.821 0.851 0.889 0.901
p.Roach_large.Aq           0.949 0.017 0.914 0.920 0.938 0.951 0.961 0.974 0.978
p.Roach_small.Aq           0.976 0.015 0.941 0.948 0.967 0.978 0.987 0.995 0.997
p.Ruffe.Aq                 0.753 0.039 0.679 0.690 0.727 0.753 0.780 0.818 0.829
p.Smelt.Aq                 0.995 0.005 0.983 0.986 0.993 0.997 0.999 1.000 1.000
p.Vendace.Aq               0.978 0.016 0.936 0.948 0.972 0.982 0.989 0.996 0.997
p.Asellus_littoral.Ter     0.594 0.038 0.519 0.532 0.569 0.595 0.620 0.657 0.667
p.Bleak.Ter                0.078 0.024 0.036 0.041 0.061 0.076 0.093 0.119 0.130
p.Bulk_BMI_littoral.Ter    0.417 0.040 0.337 0.351 0.390 0.417 0.443 0.482 0.494
p.Bulk_BMI_profundal.Ter   0.597 0.044 0.510 0.525 0.567 0.597 0.627 0.668 0.683
p.Bulk_ZPL.Ter             0.112 0.025 0.066 0.072 0.095 0.112 0.128 0.156 0.165
p.Chaoborus.Ter            0.011 0.009 0.001 0.001 0.005 0.010 0.016 0.028 0.032
p.Chironomid_littoral.Ter  0.312 0.048 0.216 0.232 0.279 0.311 0.344 0.392 0.405
p.Chironomid_Profundal.Ter 0.793 0.038 0.715 0.727 0.769 0.794 0.819 0.853 0.865
p.Cladocera.Ter            0.229 0.037 0.159 0.169 0.205 0.228 0.254 0.291 0.305
p.Copepods.Ter             0.010 0.011 0.000 0.000 0.002 0.006 0.014 0.033 0.040
p.Perch_large.Ter          0.134 0.032 0.078 0.086 0.112 0.131 0.154 0.191 0.203
p.Perch_medium.Ter         0.061 0.018 0.030 0.034 0.048 0.059 0.071 0.092 0.099
p.Perch_small.Ter          0.016 0.008 0.004 0.005 0.010 0.015 0.020 0.031 0.034
p.Pike.Ter                 0.184 0.050 0.099 0.111 0.149 0.179 0.216 0.276 0.295
p.Roach_large.Ter          0.051 0.017 0.022 0.026 0.039 0.049 0.062 0.080 0.086
p.Roach_small.Ter          0.024 0.015 0.003 0.005 0.013 0.022 0.033 0.052 0.059
p.Ruffe.Ter                0.247 0.039 0.171 0.182 0.220 0.247 0.273 0.310 0.321
p.Smelt.Ter                0.005 0.005 0.000 0.000 0.001 0.003 0.007 0.014 0.017
p.Vendace.Ter              0.022 0.016 0.003 0.004 0.011 0.018 0.028 0.052 0.064
p.Alajarvi.Aq              0.947 0.032 0.869 0.885 0.932 0.954 0.969 0.984 0.987
p.Alanne.Aq                0.873 0.068 0.707 0.740 0.836 0.885 0.923 0.958 0.967
p.Arkusjarvi.Aq            0.778 0.104 0.541 0.579 0.715 0.794 0.855 0.919 0.936
p.Erajarvi.Aq              0.848 0.069 0.692 0.722 0.807 0.857 0.899 0.941 0.953
p.Haapajarvi.Aq            0.835 0.072 0.675 0.702 0.792 0.845 0.888 0.934 0.946
p.Hameenjarvi.Aq           0.899 0.055 0.763 0.793 0.871 0.910 0.939 0.967 0.975
p.Hiidenvesi.Aq            0.933 0.037 0.841 0.860 0.914 0.941 0.960 0.979 0.984
p.Hirvijarvi.Aq            0.867 0.067 0.710 0.743 0.828 0.878 0.916 0.954 0.963
p.Horkajarvi.Aq            0.793 0.098 0.567 0.611 0.735 0.807 0.868 0.924 0.942
p.Joroisselka.Aq           0.869 0.062 0.724 0.753 0.832 0.878 0.916 0.951 0.960
p.Jyvasjarvi.Aq            0.800 0.081 0.624 0.653 0.749 0.810 0.859 0.916 0.929
p.Kakkisenjarvi.Aq         0.753 0.106 0.520 0.563 0.687 0.763 0.834 0.903 0.921
p.Kakskerranjarvi.Aq       0.742 0.142 0.423 0.478 0.651 0.761 0.853 0.937 0.953
p.Koylionjarvi.Aq          0.718 0.124 0.435 0.496 0.641 0.734 0.811 0.894 0.916
p.Kuhajarvi.Aq             0.940 0.038 0.844 0.870 0.921 0.948 0.968 0.984 0.988
p.Kuontijarvi.Aq           0.957 0.027 0.892 0.904 0.944 0.963 0.977 0.989 0.992
p.Majajarvi.Aq             0.908 0.054 0.777 0.804 0.879 0.920 0.947 0.974 0.980
p.Niemisjarvi.Aq           0.872 0.061 0.733 0.760 0.838 0.881 0.916 0.954 0.960
p.Paajarvi.Aq              0.956 0.025 0.892 0.907 0.943 0.961 0.974 0.985 0.989
p.Pankajarvi.Aq            0.826 0.078 0.649 0.678 0.779 0.835 0.885 0.934 0.946
p.Pesosjarvi.Aq            0.888 0.058 0.746 0.777 0.856 0.898 0.932 0.963 0.970
p.Pusulanjarvi.Aq          0.863 0.064 0.715 0.743 0.825 0.873 0.909 0.948 0.958
p.Pyhajarvi.Aq             0.895 0.060 0.746 0.784 0.863 0.907 0.939 0.970 0.976
p.Ruokojarvi.Aq            0.834 0.078 0.655 0.690 0.789 0.844 0.891 0.938 0.952
p.Saaksjarvi.Aq            0.928 0.037 0.836 0.857 0.908 0.935 0.955 0.975 0.980
p.Saaskjarvi.Aq            0.845 0.079 0.655 0.698 0.801 0.859 0.903 0.947 0.958
p.Suuri-Vahvanen.Aq        0.913 0.046 0.803 0.830 0.888 0.921 0.946 0.971 0.976
p.Suuri Jukajarvi.Aq       0.919 0.043 0.816 0.836 0.897 0.926 0.950 0.973 0.978
p.Tottijarvi.Aq            0.872 0.066 0.708 0.743 0.838 0.885 0.919 0.954 0.965
p.Valkea-Kotinen.Aq        0.877 0.070 0.694 0.745 0.839 0.892 0.929 0.963 0.972
p.Vesijarvi.Aq             0.891 0.062 0.740 0.774 0.859 0.903 0.935 0.968 0.974
p.Viippero.Aq              0.809 0.087 0.612 0.645 0.755 0.819 0.874 0.928 0.942
p.Viitaanjarvi.Aq          0.853 0.068 0.701 0.729 0.813 0.864 0.903 0.944 0.956
p.Villikkalanjarvi.Aq      0.874 0.065 0.713 0.746 0.839 0.885 0.922 0.957 0.966
p.Ylisjarvi.Aq             0.951 0.033 0.867 0.885 0.936 0.958 0.975 0.988 0.991
p.Alajarvi.Ter             0.053 0.032 0.013 0.016 0.031 0.046 0.068 0.115 0.131
p.Alanne.Ter               0.127 0.068 0.033 0.042 0.077 0.115 0.164 0.260 0.293
p.Arkusjarvi.Ter           0.222 0.104 0.064 0.081 0.145 0.206 0.285 0.421 0.459
p.Erajarvi.Ter             0.152 0.069 0.047 0.059 0.101 0.143 0.193 0.278 0.308
p.Haapajarvi.Ter           0.165 0.072 0.054 0.066 0.112 0.155 0.208 0.298 0.325
p.Hameenjarvi.Ter          0.101 0.055 0.025 0.033 0.061 0.090 0.129 0.207 0.237
p.Hiidenvesi.Ter           0.067 0.037 0.016 0.021 0.040 0.059 0.086 0.140 0.159
p.Hirvijarvi.Ter           0.133 0.067 0.037 0.046 0.084 0.122 0.172 0.257 0.290
p.Horkajarvi.Ter           0.207 0.098 0.058 0.076 0.132 0.193 0.265 0.389 0.433
p.Joroisselka.Ter          0.131 0.062 0.040 0.049 0.084 0.122 0.168 0.247 0.276
p.Jyvasjarvi.Ter           0.200 0.081 0.071 0.084 0.141 0.190 0.251 0.347 0.376
p.Kakkisenjarvi.Ter        0.247 0.106 0.079 0.097 0.166 0.237 0.313 0.437 0.480
p.Kakskerranjarvi.Ter      0.258 0.142 0.047 0.063 0.147 0.239 0.349 0.522 0.577
p.Koylionjarvi.Ter         0.282 0.124 0.084 0.106 0.189 0.266 0.359 0.504 0.565
p.Kuhajarvi.Ter            0.060 0.038 0.012 0.016 0.032 0.052 0.079 0.130 0.156
p.Kuontijarvi.Ter          0.043 0.027 0.008 0.011 0.023 0.037 0.056 0.096 0.108
p.Majajarvi.Ter            0.092 0.054 0.020 0.026 0.053 0.080 0.121 0.196 0.223
p.Niemisjarvi.Ter          0.128 0.061 0.040 0.046 0.084 0.119 0.162 0.240 0.267
p.Paajarvi.Ter             0.044 0.025 0.011 0.015 0.026 0.039 0.057 0.093 0.108
p.Pankajarvi.Ter           0.174 0.078 0.054 0.066 0.115 0.165 0.221 0.322 0.351
p.Pesosjarvi.Ter           0.112 0.058 0.030 0.037 0.068 0.102 0.144 0.223 0.254
p.Pusulanjarvi.Ter         0.137 0.064 0.042 0.052 0.091 0.127 0.175 0.257 0.285
p.Pyhajarvi.Ter            0.105 0.060 0.024 0.030 0.061 0.093 0.137 0.216 0.254
p.Ruokojarvi.Ter           0.166 0.078 0.048 0.062 0.109 0.156 0.211 0.310 0.345
p.Saaksjarvi.Ter           0.072 0.037 0.020 0.025 0.045 0.065 0.092 0.143 0.164
p.Saaskjarvi.Ter           0.155 0.079 0.042 0.053 0.097 0.141 0.199 0.302 0.345
p.Suuri-Vahvanen.Ter       0.087 0.046 0.024 0.029 0.054 0.079 0.112 0.170 0.197
p.Suuri Jukajarvi.Ter      0.081 0.043 0.022 0.027 0.050 0.074 0.103 0.164 0.184
p.Tottijarvi.Ter           0.128 0.066 0.035 0.046 0.081 0.115 0.162 0.257 0.292
p.Valkea-Kotinen.Ter       0.123 0.070 0.028 0.037 0.071 0.108 0.161 0.255 0.306
p.Vesijarvi.Ter            0.109 0.062 0.026 0.032 0.065 0.097 0.141 0.226 0.260
p.Viippero.Ter             0.191 0.087 0.058 0.072 0.126 0.181 0.245 0.355 0.388
p.Viitaanjarvi.Ter         0.147 0.068 0.044 0.056 0.097 0.136 0.187 0.271 0.299
p.Villikkalanjarvi.Ter     0.126 0.065 0.034 0.043 0.078 0.115 0.161 0.254 0.287
p.Ylisjarvi.Ter            0.049 0.033 0.009 0.012 0.025 0.042 0.064 0.115 0.133
