
#################################################################
# Summary Statistics
#################################################################

DIC = 2401.722

                            Mean    SD  2.5%    5%   25%   50%   75%   95% 97.5%
Epsilon.1                  0.515 0.027 0.465 0.473 0.496 0.513 0.533 0.561 0.570
species.SD                 1.132 0.241 0.767 0.803 0.965 1.094 1.261 1.587 1.688
Lake.SD                    0.602 0.098 0.441 0.463 0.532 0.591 0.661 0.780 0.818
p.global.Aq                0.843 0.052 0.725 0.749 0.814 0.850 0.879 0.913 0.921
p.global.Ter               0.157 0.052 0.079 0.087 0.121 0.150 0.186 0.251 0.275
p.Asellus_littoral.Aq      0.473 0.044 0.389 0.402 0.443 0.472 0.501 0.545 0.561
p.Bleak.Aq                 0.875 0.024 0.825 0.834 0.859 0.876 0.892 0.912 0.918
p.Bulk_BMI_littoral.Aq     0.611 0.042 0.526 0.542 0.584 0.611 0.639 0.680 0.695
p.Bulk_BMI_profundal.Aq    0.402 0.045 0.315 0.329 0.372 0.400 0.432 0.476 0.494
p.Bulk_ZPL.Aq              0.893 0.023 0.845 0.854 0.878 0.894 0.909 0.927 0.933
p.Chaoborus.Aq             0.972 0.015 0.935 0.942 0.963 0.974 0.983 0.992 0.994
p.Chironomid_littoral.Aq   0.717 0.044 0.628 0.643 0.687 0.717 0.747 0.788 0.801
p.Chironomid_Profundal.Aq  0.264 0.041 0.190 0.201 0.235 0.261 0.289 0.333 0.347
p.Cladocera.Aq             0.806 0.036 0.731 0.745 0.782 0.807 0.830 0.861 0.871
p.Copepods.Aq              0.973 0.016 0.936 0.944 0.963 0.975 0.986 0.996 0.998
p.Perch_large.Aq           0.821 0.031 0.756 0.769 0.801 0.822 0.843 0.870 0.878
p.Perch_medium.Aq          0.894 0.021 0.850 0.857 0.881 0.895 0.909 0.926 0.931
p.Perch_small.Aq           0.958 0.012 0.932 0.937 0.951 0.959 0.967 0.978 0.981
p.Pike.Aq                  0.765 0.045 0.673 0.688 0.734 0.767 0.798 0.835 0.846
p.Roach_large.Aq           0.909 0.020 0.867 0.874 0.897 0.910 0.923 0.939 0.943
p.Roach_small.Aq           0.921 0.019 0.883 0.890 0.910 0.923 0.934 0.951 0.957
p.Ruffe.Aq                 0.771 0.034 0.703 0.715 0.750 0.772 0.795 0.826 0.836
p.Smelt.Aq                 0.981 0.010 0.958 0.963 0.974 0.982 0.988 0.995 0.997
p.Vendace.Aq               0.957 0.022 0.905 0.917 0.945 0.960 0.973 0.985 0.987
p.Asellus_littoral.Ter     0.527 0.044 0.439 0.455 0.499 0.528 0.557 0.598 0.611
p.Bleak.Ter                0.125 0.024 0.082 0.088 0.108 0.124 0.141 0.166 0.175
p.Bulk_BMI_littoral.Ter    0.389 0.042 0.305 0.320 0.361 0.389 0.416 0.458 0.474
p.Bulk_BMI_profundal.Ter   0.598 0.045 0.506 0.524 0.568 0.600 0.628 0.671 0.685
p.Bulk_ZPL.Ter             0.107 0.023 0.067 0.073 0.091 0.106 0.122 0.146 0.155
p.Chaoborus.Ter            0.028 0.015 0.006 0.008 0.017 0.026 0.037 0.058 0.065
p.Chironomid_littoral.Ter  0.283 0.044 0.199 0.212 0.253 0.283 0.313 0.357 0.372
p.Chironomid_Profundal.Ter 0.736 0.041 0.653 0.667 0.711 0.739 0.765 0.799 0.810
p.Cladocera.Ter            0.194 0.036 0.129 0.139 0.170 0.193 0.218 0.255 0.269
p.Copepods.Ter             0.027 0.016 0.002 0.004 0.014 0.025 0.037 0.056 0.064
p.Perch_large.Ter          0.179 0.031 0.122 0.130 0.157 0.178 0.199 0.231 0.244
p.Perch_medium.Ter         0.106 0.021 0.069 0.074 0.091 0.105 0.119 0.143 0.150
p.Perch_small.Ter          0.042 0.012 0.019 0.022 0.033 0.041 0.049 0.063 0.068
p.Pike.Ter                 0.235 0.045 0.154 0.165 0.202 0.233 0.266 0.312 0.327
p.Roach_large.Ter          0.091 0.020 0.057 0.061 0.077 0.090 0.103 0.126 0.133
p.Roach_small.Ter          0.079 0.019 0.043 0.049 0.066 0.077 0.090 0.110 0.117
p.Ruffe.Ter                0.229 0.034 0.164 0.174 0.205 0.228 0.250 0.285 0.297
p.Smelt.Ter                0.019 0.010 0.003 0.005 0.012 0.018 0.026 0.037 0.042
p.Vendace.Ter              0.043 0.022 0.013 0.015 0.027 0.040 0.055 0.083 0.095
p.Alajarvi.Aq              0.929 0.033 0.847 0.869 0.912 0.935 0.952 0.970 0.974
p.Alanne.Aq                0.766 0.083 0.582 0.613 0.717 0.778 0.826 0.879 0.894
p.Arkusjarvi.Aq            0.449 0.098 0.260 0.294 0.382 0.446 0.513 0.616 0.651
p.Erajarvi.Aq              0.828 0.057 0.697 0.726 0.796 0.835 0.868 0.908 0.917
p.Haapajarvi.Aq            0.776 0.068 0.627 0.655 0.737 0.783 0.824 0.873 0.882
p.Hameenjarvi.Aq           0.821 0.063 0.676 0.703 0.786 0.828 0.865 0.909 0.919
p.Hiidenvesi.Aq            0.928 0.035 0.842 0.859 0.910 0.935 0.954 0.974 0.979
p.Hirvijarvi.Aq            0.794 0.073 0.630 0.661 0.752 0.802 0.847 0.894 0.908
p.Horkajarvi.Aq            0.899 0.054 0.760 0.795 0.873 0.909 0.937 0.965 0.972
p.Joroisselka.Aq           0.908 0.041 0.812 0.835 0.887 0.914 0.937 0.960 0.967
p.Jyvasjarvi.Aq            0.760 0.068 0.612 0.640 0.720 0.764 0.808 0.860 0.875
p.Kakkisenjarvi.Aq         0.698 0.091 0.501 0.535 0.639 0.704 0.765 0.832 0.849
p.Kakskerranjarvi.Aq       0.705 0.106 0.469 0.518 0.638 0.715 0.781 0.859 0.879
p.Koylionjarvi.Aq          0.558 0.132 0.288 0.337 0.468 0.563 0.655 0.766 0.798
p.Kuhajarvi.Aq             0.944 0.032 0.864 0.885 0.928 0.950 0.966 0.981 0.985
p.Kuontijarvi.Aq           0.953 0.026 0.888 0.904 0.940 0.958 0.971 0.984 0.987
p.Majajarvi.Aq             0.905 0.046 0.794 0.817 0.881 0.913 0.938 0.964 0.969
p.Niemisjarvi.Aq           0.806 0.061 0.671 0.699 0.770 0.812 0.850 0.892 0.902
p.Paajarvi.Aq              0.890 0.042 0.788 0.814 0.867 0.896 0.920 0.946 0.953
p.Pankajarvi.Aq            0.705 0.081 0.528 0.562 0.656 0.711 0.763 0.825 0.849
p.Pesosjarvi.Aq            0.879 0.050 0.762 0.787 0.851 0.886 0.914 0.946 0.954
p.Pusulanjarvi.Aq          0.936 0.035 0.853 0.873 0.918 0.942 0.960 0.978 0.984
p.Pyhajarvi.Aq             0.849 0.068 0.683 0.722 0.812 0.860 0.898 0.940 0.949
p.Ruokojarvi.Aq            0.795 0.068 0.643 0.676 0.755 0.803 0.842 0.892 0.904
p.Saaksjarvi.Aq            0.876 0.044 0.774 0.795 0.852 0.882 0.906 0.935 0.942
p.Saaskjarvi.Aq            0.856 0.063 0.709 0.740 0.822 0.867 0.901 0.938 0.948
p.Suuri-Vahvanen.Aq        0.839 0.058 0.707 0.736 0.807 0.847 0.880 0.917 0.928
p.Suuri Jukajarvi.Aq       0.893 0.042 0.795 0.814 0.871 0.900 0.921 0.948 0.955
p.Tottijarvi.Aq            0.928 0.043 0.823 0.844 0.907 0.938 0.958 0.980 0.985
p.Valkea-Kotinen.Aq        0.749 0.086 0.556 0.594 0.699 0.759 0.811 0.874 0.890
p.Vesijarvi.Aq             0.871 0.059 0.729 0.759 0.841 0.881 0.914 0.947 0.956
p.Viippero.Aq              0.827 0.063 0.679 0.711 0.789 0.835 0.873 0.914 0.925
p.Viitaanjarvi.Aq          0.755 0.073 0.592 0.624 0.710 0.762 0.806 0.862 0.879
p.Villikkalanjarvi.Aq      0.837 0.065 0.689 0.717 0.803 0.845 0.884 0.922 0.933
p.Ylisjarvi.Aq             0.806 0.072 0.638 0.676 0.766 0.816 0.856 0.905 0.918
p.Alajarvi.Ter             0.071 0.033 0.026 0.030 0.048 0.065 0.088 0.131 0.153
p.Alanne.Ter               0.234 0.083 0.106 0.121 0.174 0.222 0.283 0.387 0.418
p.Arkusjarvi.Ter           0.551 0.098 0.349 0.384 0.487 0.554 0.618 0.706 0.740
p.Erajarvi.Ter             0.172 0.057 0.083 0.092 0.132 0.165 0.204 0.274 0.303
p.Haapajarvi.Ter           0.224 0.068 0.118 0.127 0.176 0.217 0.263 0.345 0.373
p.Hameenjarvi.Ter          0.179 0.063 0.081 0.091 0.135 0.172 0.214 0.297 0.324
p.Hiidenvesi.Ter           0.072 0.035 0.021 0.026 0.046 0.065 0.090 0.141 0.158
p.Hirvijarvi.Ter           0.206 0.073 0.092 0.106 0.153 0.198 0.248 0.339 0.370
p.Horkajarvi.Ter           0.101 0.054 0.028 0.035 0.063 0.091 0.127 0.205 0.240
p.Joroisselka.Ter          0.092 0.041 0.033 0.040 0.063 0.086 0.113 0.165 0.188
p.Jyvasjarvi.Ter           0.240 0.068 0.125 0.140 0.192 0.236 0.280 0.360 0.388
p.Kakkisenjarvi.Ter        0.302 0.091 0.151 0.168 0.235 0.296 0.361 0.465 0.499
p.Kakskerranjarvi.Ter      0.295 0.106 0.121 0.141 0.219 0.285 0.362 0.482 0.531
p.Koylionjarvi.Ter         0.442 0.132 0.202 0.234 0.345 0.437 0.532 0.663 0.712
p.Kuhajarvi.Ter            0.056 0.032 0.015 0.019 0.034 0.050 0.072 0.115 0.136
p.Kuontijarvi.Ter          0.047 0.026 0.013 0.016 0.029 0.042 0.060 0.096 0.112
p.Majajarvi.Ter            0.095 0.046 0.031 0.036 0.062 0.087 0.119 0.183 0.206
p.Niemisjarvi.Ter          0.194 0.061 0.098 0.108 0.150 0.188 0.230 0.301 0.329
p.Paajarvi.Ter             0.110 0.042 0.047 0.054 0.080 0.104 0.133 0.186 0.212
p.Pankajarvi.Ter           0.295 0.081 0.151 0.175 0.237 0.289 0.344 0.438 0.472
p.Pesosjarvi.Ter           0.121 0.050 0.046 0.054 0.086 0.114 0.149 0.213 0.238
p.Pusulanjarvi.Ter         0.064 0.035 0.016 0.022 0.040 0.058 0.082 0.127 0.147
p.Pyhajarvi.Ter            0.151 0.068 0.051 0.060 0.102 0.140 0.188 0.278 0.317
p.Ruokojarvi.Ter           0.205 0.068 0.096 0.108 0.158 0.197 0.245 0.324 0.357
p.Saaksjarvi.Ter           0.124 0.044 0.058 0.065 0.094 0.118 0.148 0.205 0.226
p.Saaskjarvi.Ter           0.144 0.063 0.052 0.062 0.099 0.133 0.178 0.260 0.291
p.Suuri-Vahvanen.Ter       0.161 0.058 0.072 0.083 0.120 0.153 0.193 0.264 0.293
p.Suuri Jukajarvi.Ter      0.107 0.042 0.045 0.052 0.079 0.100 0.129 0.186 0.205
p.Tottijarvi.Ter           0.072 0.043 0.015 0.020 0.042 0.062 0.093 0.156 0.177
p.Valkea-Kotinen.Ter       0.251 0.086 0.110 0.126 0.189 0.241 0.301 0.406 0.444
p.Vesijarvi.Ter            0.129 0.059 0.044 0.053 0.086 0.119 0.159 0.241 0.271
p.Viippero.Ter             0.173 0.063 0.075 0.086 0.127 0.165 0.211 0.289 0.321
p.Viitaanjarvi.Ter         0.245 0.073 0.121 0.138 0.194 0.238 0.290 0.376 0.408
p.Villikkalanjarvi.Ter     0.163 0.065 0.067 0.078 0.116 0.155 0.197 0.283 0.311
p.Ylisjarvi.Ter            0.194 0.072 0.082 0.095 0.144 0.184 0.234 0.324 0.362
