
#################################################################
# Summary Statistics
#################################################################

DIC = 2418.156

                            Mean    SD  2.5%    5%   25%   50%   75%   95% 97.5%
Epsilon.1                  0.469 0.024 0.422 0.431 0.452 0.469 0.485 0.510 0.518
species.SD                 1.529 0.343 1.035 1.081 1.288 1.476 1.706 2.156 2.334
Lake.SD                    0.649 0.104 0.478 0.501 0.577 0.639 0.711 0.834 0.880
p.global.Aq                0.843 0.068 0.684 0.718 0.807 0.854 0.892 0.931 0.941
p.global.Ter               0.157 0.068 0.059 0.069 0.108 0.146 0.193 0.282 0.316
p.Asellus_littoral.Aq      0.379 0.045 0.295 0.307 0.349 0.378 0.408 0.457 0.472
p.Bleak.Aq                 0.893 0.028 0.836 0.846 0.875 0.895 0.913 0.937 0.943
p.Bulk_BMI_littoral.Aq     0.543 0.047 0.449 0.467 0.512 0.543 0.574 0.621 0.636
p.Bulk_BMI_profundal.Aq    0.313 0.044 0.230 0.241 0.282 0.312 0.343 0.387 0.401
p.Bulk_ZPL.Aq              0.887 0.026 0.833 0.843 0.871 0.888 0.905 0.929 0.936
p.Chaoborus.Aq             0.977 0.013 0.947 0.954 0.970 0.979 0.987 0.995 0.997
p.Chironomid_littoral.Aq   0.671 0.051 0.571 0.587 0.636 0.672 0.708 0.750 0.764
p.Chironomid_Profundal.Aq  0.161 0.033 0.101 0.109 0.138 0.159 0.183 0.218 0.232
p.Cladocera.Aq             0.775 0.039 0.696 0.708 0.748 0.776 0.802 0.838 0.849
p.Copepods.Aq              0.989 0.011 0.961 0.967 0.985 0.993 0.997 1.000 1.000
p.Perch_large.Aq           0.814 0.036 0.739 0.751 0.791 0.816 0.840 0.871 0.880
p.Perch_medium.Aq          0.918 0.021 0.873 0.882 0.904 0.920 0.933 0.950 0.955
p.Perch_small.Aq           0.976 0.009 0.954 0.959 0.970 0.977 0.982 0.989 0.991
p.Pike.Aq                  0.749 0.051 0.644 0.661 0.715 0.751 0.784 0.829 0.843
p.Roach_large.Aq           0.946 0.020 0.902 0.910 0.932 0.947 0.960 0.975 0.979
p.Roach_small.Aq           0.967 0.018 0.928 0.935 0.956 0.969 0.980 0.992 0.995
p.Ruffe.Aq                 0.729 0.038 0.654 0.664 0.704 0.731 0.755 0.789 0.802
p.Smelt.Aq                 0.994 0.006 0.978 0.983 0.991 0.995 0.998 1.000 1.000
p.Vendace.Aq               0.921 0.032 0.848 0.863 0.903 0.925 0.944 0.966 0.971
p.Asellus_littoral.Ter     0.621 0.045 0.528 0.543 0.592 0.622 0.651 0.693 0.705
p.Bleak.Ter                0.107 0.028 0.057 0.063 0.087 0.105 0.125 0.154 0.164
p.Bulk_BMI_littoral.Ter    0.457 0.047 0.364 0.379 0.426 0.457 0.488 0.533 0.551
p.Bulk_BMI_profundal.Ter   0.687 0.044 0.599 0.613 0.657 0.688 0.718 0.759 0.770
p.Bulk_ZPL.Ter             0.113 0.026 0.064 0.071 0.095 0.112 0.129 0.157 0.167
p.Chaoborus.Ter            0.023 0.013 0.003 0.005 0.013 0.021 0.030 0.046 0.053
p.Chironomid_littoral.Ter  0.329 0.051 0.236 0.250 0.292 0.328 0.364 0.413 0.429
p.Chironomid_Profundal.Ter 0.839 0.033 0.768 0.782 0.817 0.841 0.862 0.891 0.899
p.Cladocera.Ter            0.225 0.039 0.151 0.162 0.198 0.224 0.252 0.292 0.304
p.Copepods.Ter             0.011 0.011 0.000 0.000 0.003 0.007 0.015 0.033 0.039
p.Perch_large.Ter          0.186 0.036 0.120 0.129 0.160 0.184 0.209 0.249 0.261
p.Perch_medium.Ter         0.082 0.021 0.045 0.050 0.067 0.080 0.096 0.118 0.127
p.Perch_small.Ter          0.024 0.009 0.009 0.011 0.018 0.023 0.030 0.041 0.046
p.Pike.Ter                 0.251 0.051 0.157 0.171 0.216 0.249 0.285 0.339 0.356
p.Roach_large.Ter          0.054 0.020 0.021 0.025 0.040 0.053 0.068 0.090 0.098
p.Roach_small.Ter          0.033 0.018 0.005 0.008 0.020 0.031 0.044 0.065 0.072
p.Ruffe.Ter                0.271 0.038 0.198 0.211 0.245 0.269 0.296 0.336 0.346
p.Smelt.Ter                0.006 0.006 0.000 0.000 0.002 0.005 0.009 0.017 0.022
p.Vendace.Ter              0.079 0.032 0.029 0.034 0.056 0.075 0.097 0.137 0.152
p.Alajarvi.Aq              0.947 0.033 0.863 0.885 0.934 0.955 0.970 0.983 0.986
p.Alanne.Aq                0.507 0.133 0.245 0.289 0.409 0.510 0.600 0.721 0.759
p.Arkusjarvi.Aq            0.627 0.145 0.322 0.366 0.529 0.637 0.737 0.840 0.870
p.Erajarvi.Aq              0.825 0.077 0.642 0.685 0.782 0.839 0.882 0.925 0.936
p.Haapajarvi.Aq            0.838 0.071 0.675 0.701 0.799 0.852 0.890 0.930 0.940
p.Hameenjarvi.Aq           0.893 0.058 0.750 0.780 0.864 0.906 0.934 0.961 0.967
p.Hiidenvesi.Aq            0.935 0.036 0.848 0.864 0.919 0.943 0.960 0.977 0.981
p.Hirvijarvi.Aq            0.812 0.092 0.583 0.631 0.762 0.830 0.880 0.929 0.940
p.Horkajarvi.Aq            0.780 0.110 0.518 0.569 0.717 0.801 0.863 0.918 0.932
p.Joroisselka.Aq           0.832 0.075 0.652 0.696 0.792 0.845 0.886 0.926 0.939
p.Jyvasjarvi.Aq            0.770 0.089 0.577 0.606 0.719 0.783 0.835 0.891 0.906
p.Kakkisenjarvi.Aq         0.592 0.129 0.318 0.360 0.507 0.602 0.685 0.790 0.819
p.Kakskerranjarvi.Aq       0.584 0.144 0.282 0.334 0.488 0.590 0.691 0.805 0.836
p.Koylionjarvi.Aq          0.742 0.107 0.509 0.547 0.675 0.757 0.821 0.891 0.910
p.Kuhajarvi.Aq             0.938 0.044 0.829 0.851 0.920 0.949 0.968 0.985 0.989
p.Kuontijarvi.Aq           0.950 0.035 0.866 0.889 0.936 0.958 0.973 0.986 0.989
p.Majajarvi.Aq             0.889 0.067 0.720 0.757 0.859 0.904 0.937 0.964 0.970
p.Niemisjarvi.Aq           0.830 0.076 0.652 0.688 0.791 0.844 0.884 0.928 0.938
p.Paajarvi.Aq              0.959 0.025 0.900 0.913 0.949 0.964 0.976 0.987 0.989
p.Pankajarvi.Aq            0.717 0.106 0.485 0.522 0.656 0.728 0.795 0.866 0.886
p.Pesosjarvi.Aq            0.879 0.064 0.717 0.755 0.849 0.892 0.924 0.955 0.962
p.Pusulanjarvi.Aq          0.891 0.054 0.765 0.793 0.863 0.902 0.930 0.957 0.964
p.Pyhajarvi.Aq             0.904 0.055 0.770 0.802 0.878 0.915 0.944 0.969 0.975
p.Ruokojarvi.Aq            0.800 0.090 0.590 0.634 0.750 0.813 0.865 0.919 0.932
p.Saaksjarvi.Aq            0.863 0.065 0.712 0.741 0.828 0.874 0.909 0.945 0.954
p.Saaskjarvi.Aq            0.804 0.089 0.594 0.633 0.754 0.819 0.870 0.918 0.932
p.Suuri-Vahvanen.Aq        0.787 0.089 0.578 0.623 0.736 0.801 0.851 0.904 0.919
p.Suuri Jukajarvi.Aq       0.941 0.034 0.859 0.878 0.925 0.948 0.965 0.979 0.983
p.Tottijarvi.Aq            0.861 0.073 0.681 0.722 0.824 0.875 0.914 0.950 0.960
p.Valkea-Kotinen.Aq        0.695 0.118 0.438 0.483 0.618 0.712 0.782 0.862 0.883
p.Vesijarvi.Aq             0.836 0.088 0.618 0.675 0.792 0.853 0.900 0.944 0.954
p.Viippero.Aq              0.793 0.094 0.576 0.618 0.737 0.809 0.864 0.914 0.926
p.Viitaanjarvi.Aq          0.819 0.079 0.630 0.673 0.774 0.832 0.877 0.921 0.933
p.Villikkalanjarvi.Aq      0.865 0.067 0.706 0.736 0.832 0.878 0.913 0.947 0.956
p.Ylisjarvi.Aq             0.930 0.048 0.808 0.838 0.910 0.941 0.963 0.981 0.985
p.Alajarvi.Ter             0.053 0.033 0.014 0.017 0.030 0.045 0.066 0.115 0.137
p.Alanne.Ter               0.493 0.133 0.241 0.279 0.400 0.490 0.591 0.711 0.755
p.Arkusjarvi.Ter           0.373 0.145 0.130 0.160 0.263 0.363 0.471 0.634 0.678
p.Erajarvi.Ter             0.175 0.077 0.064 0.075 0.118 0.161 0.218 0.315 0.358
p.Haapajarvi.Ter           0.162 0.071 0.060 0.070 0.110 0.148 0.201 0.299 0.325
p.Hameenjarvi.Ter          0.107 0.058 0.033 0.039 0.066 0.094 0.136 0.220 0.250
p.Hiidenvesi.Ter           0.065 0.036 0.019 0.023 0.040 0.057 0.081 0.136 0.152
p.Hirvijarvi.Ter           0.188 0.092 0.060 0.071 0.120 0.170 0.238 0.369 0.417
p.Horkajarvi.Ter           0.220 0.110 0.068 0.082 0.137 0.199 0.283 0.431 0.482
p.Joroisselka.Ter          0.168 0.075 0.061 0.074 0.114 0.155 0.208 0.304 0.348
p.Jyvasjarvi.Ter           0.230 0.089 0.094 0.109 0.165 0.217 0.281 0.394 0.423
p.Kakkisenjarvi.Ter        0.408 0.129 0.181 0.210 0.315 0.398 0.493 0.640 0.682
p.Kakskerranjarvi.Ter      0.416 0.144 0.164 0.195 0.309 0.410 0.512 0.666 0.718
p.Koylionjarvi.Ter         0.258 0.107 0.090 0.109 0.179 0.243 0.325 0.453 0.491
p.Kuhajarvi.Ter            0.062 0.044 0.011 0.015 0.032 0.051 0.080 0.149 0.171
p.Kuontijarvi.Ter          0.050 0.035 0.011 0.014 0.027 0.042 0.064 0.111 0.134
p.Majajarvi.Ter            0.111 0.067 0.030 0.036 0.063 0.096 0.141 0.243 0.280
p.Niemisjarvi.Ter          0.170 0.076 0.062 0.072 0.116 0.156 0.209 0.312 0.348
p.Paajarvi.Ter             0.041 0.025 0.011 0.013 0.024 0.036 0.051 0.087 0.100
p.Pankajarvi.Ter           0.283 0.106 0.114 0.134 0.205 0.272 0.344 0.478 0.515
p.Pesosjarvi.Ter           0.121 0.064 0.038 0.045 0.076 0.108 0.151 0.245 0.283
p.Pusulanjarvi.Ter         0.109 0.054 0.036 0.043 0.070 0.098 0.137 0.207 0.235
p.Pyhajarvi.Ter            0.096 0.055 0.025 0.031 0.056 0.085 0.122 0.198 0.230
p.Ruokojarvi.Ter           0.200 0.090 0.068 0.081 0.135 0.187 0.250 0.366 0.410
p.Saaksjarvi.Ter           0.137 0.065 0.046 0.055 0.091 0.126 0.172 0.259 0.288
p.Saaskjarvi.Ter           0.196 0.089 0.068 0.082 0.130 0.181 0.246 0.367 0.406
p.Suuri-Vahvanen.Ter       0.213 0.089 0.081 0.096 0.149 0.199 0.264 0.377 0.422
p.Suuri Jukajarvi.Ter      0.059 0.034 0.017 0.021 0.035 0.052 0.075 0.122 0.141
p.Tottijarvi.Ter           0.139 0.073 0.040 0.050 0.086 0.125 0.176 0.278 0.319
p.Valkea-Kotinen.Ter       0.305 0.118 0.117 0.138 0.218 0.288 0.382 0.517 0.562
p.Vesijarvi.Ter            0.164 0.088 0.046 0.056 0.100 0.147 0.208 0.325 0.382
p.Viippero.Ter             0.207 0.094 0.074 0.086 0.136 0.191 0.263 0.382 0.424
p.Viitaanjarvi.Ter         0.181 0.079 0.067 0.079 0.123 0.168 0.226 0.327 0.370
p.Villikkalanjarvi.Ter     0.135 0.067 0.044 0.053 0.087 0.122 0.168 0.264 0.294
p.Ylisjarvi.Ter            0.070 0.048 0.015 0.019 0.037 0.059 0.090 0.162 0.192
