
#################################################################
# Summary Statistics
#################################################################

DIC = 3400.051

                        Mean    SD  2.5%    5%   25%   50%   75%   95% 97.5%
Epsilon.1              0.754 0.042 0.674 0.684 0.726 0.752 0.780 0.826 0.841
Lake.SD                1.925 0.458 1.244 1.317 1.604 1.854 2.165 2.782 3.079
p.global.Aq            0.946 0.030 0.869 0.890 0.931 0.951 0.966 0.985 0.989
p.global.Ter           0.054 0.030 0.011 0.015 0.034 0.049 0.069 0.110 0.131
p.Alajarvi.Aq          0.940 0.053 0.821 0.837 0.904 0.952 0.988 0.999 1.000
p.Alanne.Aq            0.403 0.050 0.309 0.324 0.369 0.402 0.435 0.486 0.504
p.Arkusjarvi.Aq        0.962 0.045 0.839 0.868 0.944 0.980 0.996 1.000 1.000
p.Erajarvi.Aq          0.987 0.017 0.936 0.949 0.983 0.993 0.998 1.000 1.000
p.Haapajarvi.Aq        0.960 0.043 0.848 0.870 0.938 0.976 0.994 1.000 1.000
p.Hameenjarvi.Aq       0.878 0.076 0.731 0.751 0.822 0.877 0.938 0.997 0.999
p.Hiidenvesi.Aq        0.984 0.020 0.926 0.941 0.978 0.992 0.998 1.000 1.000
p.Hirvijarvi.Aq        0.440 0.045 0.359 0.369 0.408 0.438 0.470 0.515 0.531
p.Horkajarvi.Aq        0.859 0.133 0.571 0.604 0.766 0.896 0.981 0.999 1.000
p.Joroisselka.Aq       0.924 0.059 0.796 0.815 0.883 0.931 0.978 0.999 1.000
p.Jyvasjarvi.Aq        0.967 0.040 0.859 0.885 0.952 0.984 0.996 1.000 1.000
p.Kakkisenjarvi.Aq     0.375 0.068 0.249 0.268 0.328 0.373 0.420 0.488 0.512
p.Kakskerranjarvi.Aq   0.986 0.020 0.930 0.946 0.981 0.993 0.998 1.000 1.000
p.Koylionjarvi.Aq      0.991 0.011 0.959 0.967 0.989 0.996 0.999 1.000 1.000
p.Kuhajarvi.Aq         0.803 0.081 0.661 0.685 0.746 0.795 0.852 0.959 0.985
p.Kuontijarvi.Aq       0.653 0.085 0.505 0.527 0.595 0.646 0.703 0.801 0.841
p.Majajarvi.Aq         0.684 0.112 0.505 0.527 0.607 0.666 0.745 0.906 0.968
p.Niemisjarvi.Aq       0.789 0.077 0.653 0.672 0.736 0.782 0.837 0.932 0.967
p.Paajarvi.Aq          0.990 0.013 0.950 0.962 0.986 0.995 0.999 1.000 1.000
p.Pankajarvi.Aq        0.670 0.064 0.553 0.571 0.624 0.667 0.710 0.782 0.806
p.Pesosjarvi.Aq        0.876 0.096 0.678 0.707 0.803 0.883 0.966 0.999 1.000
p.Pusulanjarvi.Aq      0.993 0.009 0.969 0.976 0.991 0.997 0.999 1.000 1.000
p.Pyhajarvi.Aq         0.982 0.022 0.918 0.932 0.975 0.991 0.998 1.000 1.000
p.Ruokojarvi.Aq        0.935 0.065 0.781 0.807 0.896 0.956 0.990 0.999 1.000
p.Saaksjarvi.Aq        0.835 0.085 0.685 0.705 0.773 0.828 0.893 0.991 0.998
p.Saaskjarvi.Aq        0.971 0.035 0.876 0.895 0.958 0.985 0.996 1.000 1.000
p.Suuri-Vahvanen.Aq    0.926 0.062 0.791 0.810 0.881 0.936 0.982 0.999 1.000
p.Suuri Jukajarvi.Aq   0.968 0.038 0.868 0.887 0.951 0.983 0.996 1.000 1.000
p.Tottijarvi.Aq        0.994 0.008 0.970 0.978 0.992 0.997 0.999 1.000 1.000
p.Valkea-Kotinen.Aq    0.543 0.124 0.335 0.364 0.458 0.528 0.614 0.758 0.847
p.Vesijarvi.Aq         0.991 0.012 0.957 0.966 0.987 0.995 0.999 1.000 1.000
p.Viippero.Aq          0.511 0.054 0.411 0.427 0.474 0.508 0.544 0.603 0.623
p.Viitaanjarvi.Aq      0.749 0.069 0.629 0.646 0.701 0.743 0.790 0.874 0.899
p.Villikkalanjarvi.Aq  0.990 0.013 0.954 0.963 0.986 0.995 0.999 1.000 1.000
p.Ylisjarvi.Aq         0.991 0.012 0.956 0.966 0.988 0.996 0.999 1.000 1.000
p.Alajarvi.Ter         0.060 0.053 0.000 0.001 0.012 0.048 0.096 0.163 0.179
p.Alanne.Ter           0.597 0.050 0.496 0.514 0.565 0.598 0.631 0.676 0.691
p.Arkusjarvi.Ter       0.038 0.045 0.000 0.000 0.004 0.020 0.056 0.132 0.161
p.Erajarvi.Ter         0.013 0.017 0.000 0.000 0.002 0.007 0.017 0.051 0.064
p.Haapajarvi.Ter       0.040 0.043 0.000 0.000 0.006 0.024 0.062 0.130 0.152
p.Hameenjarvi.Ter      0.122 0.076 0.001 0.003 0.062 0.123 0.178 0.249 0.269
p.Hiidenvesi.Ter       0.016 0.020 0.000 0.000 0.002 0.008 0.022 0.059 0.074
p.Hirvijarvi.Ter       0.560 0.045 0.469 0.485 0.530 0.562 0.592 0.631 0.641
p.Horkajarvi.Ter       0.141 0.133 0.000 0.001 0.019 0.104 0.234 0.396 0.429
p.Joroisselka.Ter      0.076 0.059 0.000 0.001 0.022 0.069 0.117 0.185 0.204
p.Jyvasjarvi.Ter       0.033 0.040 0.000 0.000 0.004 0.016 0.048 0.115 0.141
p.Kakkisenjarvi.Ter    0.625 0.068 0.488 0.512 0.580 0.627 0.672 0.732 0.751
p.Kakskerranjarvi.Ter  0.014 0.020 0.000 0.000 0.002 0.007 0.019 0.054 0.070
p.Koylionjarvi.Ter     0.009 0.011 0.000 0.000 0.001 0.004 0.011 0.033 0.041
p.Kuhajarvi.Ter        0.197 0.081 0.015 0.041 0.148 0.205 0.254 0.315 0.339
p.Kuontijarvi.Ter      0.347 0.085 0.159 0.199 0.297 0.354 0.405 0.473 0.495
p.Majajarvi.Ter        0.316 0.112 0.032 0.094 0.255 0.334 0.393 0.473 0.495
p.Niemisjarvi.Ter      0.211 0.077 0.033 0.068 0.163 0.218 0.264 0.328 0.347
p.Paajarvi.Ter         0.010 0.013 0.000 0.000 0.001 0.005 0.014 0.038 0.050
p.Pankajarvi.Ter       0.330 0.064 0.194 0.218 0.290 0.333 0.376 0.429 0.447
p.Pesosjarvi.Ter       0.124 0.096 0.000 0.001 0.034 0.117 0.197 0.293 0.322
p.Pusulanjarvi.Ter     0.007 0.009 0.000 0.000 0.001 0.003 0.009 0.024 0.031
p.Pyhajarvi.Ter        0.018 0.022 0.000 0.000 0.002 0.009 0.025 0.068 0.082
p.Ruokojarvi.Ter       0.065 0.065 0.000 0.001 0.010 0.044 0.104 0.193 0.219
p.Saaksjarvi.Ter       0.165 0.085 0.002 0.009 0.107 0.172 0.227 0.295 0.315
p.Saaskjarvi.Ter       0.029 0.035 0.000 0.000 0.004 0.015 0.042 0.105 0.124
p.Suuri-Vahvanen.Ter   0.074 0.062 0.000 0.001 0.018 0.064 0.119 0.190 0.209
p.Suuri Jukajarvi.Ter  0.032 0.038 0.000 0.000 0.004 0.017 0.049 0.113 0.132
p.Tottijarvi.Ter       0.006 0.008 0.000 0.000 0.001 0.003 0.008 0.022 0.030
p.Valkea-Kotinen.Ter   0.457 0.124 0.153 0.242 0.386 0.472 0.542 0.636 0.665
p.Vesijarvi.Ter        0.009 0.012 0.000 0.000 0.001 0.005 0.013 0.034 0.043
p.Viippero.Ter         0.489 0.054 0.377 0.397 0.456 0.492 0.526 0.573 0.589
p.Viitaanjarvi.Ter     0.251 0.069 0.101 0.126 0.210 0.257 0.299 0.354 0.371
p.Villikkalanjarvi.Ter 0.010 0.013 0.000 0.000 0.001 0.005 0.014 0.037 0.046
p.Ylisjarvi.Ter        0.009 0.012 0.000 0.000 0.001 0.004 0.012 0.034 0.044
