
#################################################################
# Summary Statistics
#################################################################

DIC = 2558.351

                            Mean    SD  2.5%    5%   25%   50%   75%   95% 97.5%
Epsilon.1                  0.468 0.025 0.423 0.429 0.450 0.467 0.484 0.509 0.518
species.SD                 1.699 0.402 1.117 1.181 1.422 1.634 1.897 2.444 2.706
Lake.SD                    0.489 0.084 0.351 0.367 0.429 0.481 0.541 0.640 0.677
p.global.Aq                0.871 0.069 0.701 0.743 0.841 0.885 0.918 0.952 0.961
p.global.Ter               0.129 0.069 0.039 0.048 0.082 0.115 0.159 0.257 0.299
p.Asellus_littoral.Aq      0.402 0.042 0.321 0.333 0.373 0.402 0.429 0.470 0.484
p.Bleak.Aq                 0.908 0.025 0.856 0.865 0.892 0.909 0.925 0.946 0.952
p.Bulk_BMI_littoral.Aq     0.585 0.041 0.500 0.516 0.559 0.586 0.611 0.651 0.665
p.Bulk_BMI_profundal.Aq    0.325 0.040 0.247 0.259 0.298 0.324 0.351 0.391 0.407
p.Bulk_ZPL.Aq              0.896 0.025 0.848 0.855 0.880 0.896 0.912 0.936 0.944
p.Chaoborus.Aq             0.986 0.010 0.961 0.966 0.980 0.988 0.994 0.999 1.000
p.Chironomid_littoral.Aq   0.754 0.045 0.665 0.676 0.725 0.755 0.784 0.825 0.838
p.Chironomid_Profundal.Aq  0.169 0.034 0.103 0.113 0.146 0.169 0.192 0.227 0.237
p.Cladocera.Aq             0.777 0.034 0.709 0.721 0.754 0.777 0.799 0.832 0.842
p.Copepods.Aq              0.994 0.008 0.971 0.977 0.992 0.997 0.999 1.000 1.000
p.Perch_large.Aq           0.875 0.028 0.815 0.828 0.857 0.876 0.895 0.918 0.925
p.Perch_medium.Aq          0.937 0.017 0.900 0.906 0.926 0.938 0.949 0.964 0.968
p.Perch_small.Aq           0.986 0.007 0.969 0.973 0.982 0.988 0.992 0.996 0.997
p.Pike.Aq                  0.810 0.044 0.718 0.734 0.782 0.812 0.839 0.878 0.887
p.Roach_large.Aq           0.956 0.016 0.922 0.928 0.946 0.958 0.968 0.980 0.983
p.Roach_small.Aq           0.977 0.015 0.941 0.948 0.968 0.980 0.988 0.997 0.998
p.Ruffe.Aq                 0.764 0.033 0.697 0.710 0.742 0.765 0.786 0.817 0.828
p.Smelt.Aq                 0.996 0.004 0.985 0.988 0.995 0.997 0.999 1.000 1.000
p.Vendace.Aq               0.953 0.028 0.887 0.901 0.937 0.958 0.975 0.990 0.994
p.Asellus_littoral.Ter     0.598 0.042 0.516 0.530 0.571 0.598 0.627 0.667 0.679
p.Bleak.Ter                0.092 0.025 0.048 0.054 0.075 0.091 0.108 0.135 0.144
p.Bulk_BMI_littoral.Ter    0.415 0.041 0.335 0.349 0.389 0.414 0.441 0.484 0.500
p.Bulk_BMI_profundal.Ter   0.675 0.040 0.593 0.609 0.649 0.676 0.702 0.741 0.753
p.Bulk_ZPL.Ter             0.104 0.025 0.056 0.064 0.088 0.104 0.120 0.145 0.152
p.Chaoborus.Ter            0.014 0.010 0.000 0.001 0.006 0.012 0.020 0.034 0.039
p.Chironomid_littoral.Ter  0.246 0.045 0.162 0.175 0.216 0.245 0.275 0.324 0.335
p.Chironomid_Profundal.Ter 0.831 0.034 0.763 0.773 0.808 0.831 0.854 0.887 0.897
p.Cladocera.Ter            0.223 0.034 0.158 0.168 0.201 0.223 0.246 0.279 0.291
p.Copepods.Ter             0.006 0.008 0.000 0.000 0.001 0.003 0.008 0.023 0.029
p.Perch_large.Ter          0.125 0.028 0.075 0.082 0.105 0.124 0.143 0.172 0.185
p.Perch_medium.Ter         0.063 0.017 0.032 0.036 0.051 0.062 0.074 0.094 0.100
p.Perch_small.Ter          0.014 0.007 0.003 0.004 0.008 0.012 0.018 0.027 0.031
p.Pike.Ter                 0.190 0.044 0.113 0.122 0.161 0.188 0.218 0.266 0.282
p.Roach_large.Ter          0.044 0.016 0.017 0.020 0.032 0.042 0.054 0.072 0.078
p.Roach_small.Ter          0.023 0.015 0.002 0.003 0.012 0.020 0.032 0.052 0.059
p.Ruffe.Ter                0.236 0.033 0.172 0.183 0.214 0.235 0.258 0.290 0.303
p.Smelt.Ter                0.004 0.004 0.000 0.000 0.001 0.003 0.005 0.012 0.015
p.Vendace.Ter              0.047 0.028 0.006 0.010 0.025 0.042 0.063 0.099 0.113
p.Alajarvi.Aq              0.951 0.034 0.869 0.892 0.939 0.960 0.974 0.986 0.989
p.Alanne.Aq                0.781 0.130 0.463 0.532 0.704 0.807 0.884 0.942 0.951
p.Arkusjarvi.Aq            0.758 0.115 0.477 0.545 0.694 0.777 0.841 0.908 0.923
p.Erajarvi.Aq              0.835 0.084 0.615 0.680 0.794 0.851 0.895 0.937 0.947
p.Haapajarvi.Aq            0.907 0.056 0.763 0.803 0.883 0.920 0.944 0.968 0.975
p.Hameenjarvi.Aq           0.878 0.072 0.691 0.746 0.847 0.894 0.928 0.961 0.968
p.Hiidenvesi.Aq            0.920 0.050 0.794 0.828 0.899 0.932 0.953 0.976 0.980
p.Hirvijarvi.Aq            0.798 0.104 0.542 0.602 0.743 0.816 0.874 0.928 0.940
p.Horkajarvi.Aq            0.750 0.118 0.464 0.522 0.684 0.769 0.837 0.906 0.923
p.Joroisselka.Aq           0.858 0.076 0.668 0.714 0.823 0.875 0.911 0.948 0.956
p.Jyvasjarvi.Aq            0.769 0.102 0.517 0.580 0.714 0.788 0.841 0.901 0.920
p.Kakkisenjarvi.Aq         0.727 0.122 0.435 0.498 0.658 0.746 0.817 0.891 0.907
p.Kakskerranjarvi.Aq       0.792 0.105 0.531 0.594 0.735 0.814 0.869 0.925 0.939
p.Koylionjarvi.Aq          0.789 0.101 0.540 0.592 0.737 0.807 0.860 0.918 0.932
p.Kuhajarvi.Aq             0.926 0.054 0.784 0.821 0.906 0.939 0.962 0.982 0.986
p.Kuontijarvi.Aq           0.953 0.035 0.864 0.890 0.941 0.962 0.976 0.988 0.990
p.Majajarvi.Aq             0.846 0.084 0.642 0.694 0.804 0.864 0.905 0.945 0.956
p.Niemisjarvi.Aq           0.865 0.073 0.687 0.726 0.830 0.880 0.917 0.952 0.960
p.Paajarvi.Aq              0.953 0.032 0.867 0.895 0.942 0.961 0.974 0.986 0.989
p.Pankajarvi.Aq            0.820 0.092 0.596 0.642 0.774 0.837 0.886 0.933 0.943
p.Pesosjarvi.Aq            0.892 0.066 0.723 0.770 0.866 0.906 0.936 0.965 0.971
p.Pusulanjarvi.Aq          0.846 0.083 0.638 0.691 0.807 0.862 0.904 0.948 0.958
p.Pyhajarvi.Aq             0.844 0.098 0.574 0.652 0.799 0.865 0.915 0.958 0.967
p.Ruokojarvi.Aq            0.835 0.088 0.621 0.670 0.791 0.852 0.898 0.943 0.952
p.Saaksjarvi.Aq            0.925 0.046 0.810 0.841 0.906 0.935 0.956 0.975 0.980
p.Saaskjarvi.Aq            0.802 0.104 0.537 0.610 0.749 0.823 0.876 0.933 0.945
p.Suuri-Vahvanen.Aq        0.890 0.064 0.732 0.774 0.861 0.903 0.934 0.962 0.969
p.Suuri Jukajarvi.Aq       0.943 0.038 0.842 0.873 0.928 0.952 0.969 0.983 0.986
p.Tottijarvi.Aq            0.884 0.067 0.716 0.757 0.854 0.898 0.929 0.962 0.970
p.Valkea-Kotinen.Aq        0.906 0.064 0.730 0.785 0.880 0.921 0.950 0.975 0.980
p.Vesijarvi.Aq             0.892 0.065 0.724 0.765 0.863 0.907 0.939 0.966 0.973
p.Viippero.Aq              0.844 0.086 0.628 0.680 0.802 0.861 0.905 0.947 0.956
p.Viitaanjarvi.Aq          0.910 0.055 0.767 0.809 0.887 0.923 0.947 0.971 0.976
p.Villikkalanjarvi.Aq      0.845 0.090 0.615 0.665 0.804 0.866 0.909 0.954 0.963
p.Ylisjarvi.Aq             0.865 0.079 0.663 0.712 0.828 0.882 0.920 0.958 0.967
p.Alajarvi.Ter             0.049 0.034 0.011 0.014 0.026 0.040 0.061 0.108 0.131
p.Alanne.Ter               0.219 0.130 0.049 0.058 0.116 0.193 0.296 0.468 0.537
p.Arkusjarvi.Ter           0.242 0.115 0.077 0.092 0.159 0.223 0.306 0.455 0.523
p.Erajarvi.Ter             0.165 0.084 0.053 0.063 0.105 0.149 0.206 0.320 0.385
p.Haapajarvi.Ter           0.093 0.056 0.025 0.032 0.056 0.080 0.117 0.197 0.237
p.Hameenjarvi.Ter          0.122 0.072 0.032 0.039 0.072 0.106 0.153 0.254 0.309
p.Hiidenvesi.Ter           0.080 0.050 0.020 0.024 0.047 0.068 0.101 0.172 0.206
p.Hirvijarvi.Ter           0.202 0.104 0.060 0.072 0.126 0.184 0.257 0.398 0.458
p.Horkajarvi.Ter           0.250 0.118 0.077 0.094 0.163 0.231 0.316 0.478 0.536
p.Joroisselka.Ter          0.142 0.076 0.044 0.052 0.089 0.125 0.177 0.286 0.332
p.Jyvasjarvi.Ter           0.231 0.102 0.080 0.099 0.159 0.212 0.286 0.420 0.483
p.Kakkisenjarvi.Ter        0.273 0.122 0.093 0.109 0.183 0.254 0.342 0.502 0.565
p.Kakskerranjarvi.Ter      0.208 0.105 0.061 0.075 0.131 0.186 0.265 0.406 0.469
p.Koylionjarvi.Ter         0.211 0.101 0.068 0.082 0.140 0.193 0.263 0.408 0.460
p.Kuhajarvi.Ter            0.074 0.054 0.014 0.018 0.038 0.061 0.094 0.179 0.216
p.Kuontijarvi.Ter          0.047 0.035 0.010 0.012 0.024 0.038 0.059 0.110 0.136
p.Majajarvi.Ter            0.154 0.084 0.044 0.055 0.095 0.136 0.196 0.306 0.358
p.Niemisjarvi.Ter          0.135 0.073 0.040 0.048 0.083 0.120 0.170 0.274 0.313
p.Paajarvi.Ter             0.047 0.032 0.011 0.014 0.026 0.039 0.058 0.105 0.133
p.Pankajarvi.Ter           0.180 0.092 0.057 0.067 0.114 0.163 0.226 0.358 0.404
p.Pesosjarvi.Ter           0.108 0.066 0.029 0.035 0.064 0.094 0.134 0.230 0.277
p.Pusulanjarvi.Ter         0.154 0.083 0.042 0.052 0.096 0.138 0.193 0.309 0.362
p.Pyhajarvi.Ter            0.156 0.098 0.033 0.042 0.085 0.135 0.201 0.348 0.426
p.Ruokojarvi.Ter           0.165 0.088 0.048 0.057 0.102 0.148 0.209 0.330 0.379
p.Saaksjarvi.Ter           0.075 0.046 0.020 0.025 0.044 0.065 0.094 0.159 0.190
p.Saaskjarvi.Ter           0.198 0.104 0.055 0.067 0.124 0.177 0.251 0.390 0.463
p.Suuri-Vahvanen.Ter       0.110 0.064 0.031 0.038 0.066 0.097 0.139 0.226 0.268
p.Suuri Jukajarvi.Ter      0.057 0.038 0.014 0.017 0.031 0.048 0.072 0.127 0.158
p.Tottijarvi.Ter           0.116 0.067 0.030 0.038 0.071 0.102 0.146 0.243 0.284
p.Valkea-Kotinen.Ter       0.094 0.064 0.020 0.025 0.050 0.079 0.120 0.215 0.270
p.Vesijarvi.Ter            0.108 0.065 0.027 0.034 0.061 0.093 0.137 0.235 0.276
p.Viippero.Ter             0.156 0.086 0.044 0.053 0.095 0.139 0.198 0.320 0.372
p.Viitaanjarvi.Ter         0.090 0.055 0.024 0.029 0.053 0.077 0.113 0.191 0.233
p.Villikkalanjarvi.Ter     0.155 0.090 0.037 0.046 0.091 0.134 0.196 0.335 0.385
p.Ylisjarvi.Ter            0.135 0.079 0.033 0.042 0.080 0.118 0.172 0.288 0.337
