
#################################################################
# Summary Statistics
#################################################################

DIC = 2501.669

                            Mean    SD  2.5%    5%   25%   50%   75%   95% 97.5%
Epsilon.1                  0.497 0.026 0.449 0.456 0.479 0.496 0.514 0.539 0.549
species.SD                 1.470 0.322 0.979 1.036 1.239 1.419 1.654 2.073 2.236
Lake.SD                    0.929 0.136 0.695 0.726 0.833 0.913 1.013 1.173 1.234
p.global.Aq                0.788 0.090 0.584 0.625 0.733 0.799 0.854 0.915 0.928
p.global.Ter               0.212 0.090 0.072 0.085 0.146 0.201 0.267 0.375 0.416
p.Asellus_littoral.Aq      0.323 0.056 0.219 0.236 0.284 0.321 0.359 0.418 0.441
p.Bleak.Aq                 0.850 0.037 0.768 0.781 0.827 0.853 0.875 0.906 0.915
p.Bulk_BMI_littoral.Aq     0.508 0.065 0.382 0.403 0.464 0.507 0.552 0.617 0.642
p.Bulk_BMI_profundal.Aq    0.261 0.051 0.168 0.182 0.226 0.259 0.293 0.347 0.368
p.Bulk_ZPL.Aq              0.870 0.034 0.799 0.810 0.848 0.872 0.893 0.921 0.929
p.Chaoborus.Aq             0.959 0.024 0.904 0.915 0.944 0.961 0.977 0.993 0.996
p.Chironomid_littoral.Aq   0.609 0.065 0.477 0.498 0.564 0.610 0.654 0.711 0.731
p.Chironomid_Profundal.Aq  0.139 0.034 0.081 0.088 0.115 0.136 0.159 0.197 0.212
p.Cladocera.Aq             0.758 0.053 0.646 0.667 0.724 0.760 0.794 0.839 0.852
p.Copepods.Aq              0.988 0.011 0.960 0.966 0.983 0.991 0.996 0.999 1.000
p.Perch_large.Aq           0.705 0.051 0.599 0.618 0.672 0.707 0.740 0.783 0.799
p.Perch_medium.Aq          0.855 0.033 0.784 0.796 0.835 0.858 0.879 0.905 0.912
p.Perch_small.Aq           0.952 0.016 0.916 0.924 0.942 0.954 0.963 0.975 0.978
p.Pike.Aq                  0.668 0.057 0.554 0.569 0.630 0.670 0.708 0.759 0.773
p.Roach_large.Aq           0.901 0.026 0.842 0.854 0.885 0.903 0.919 0.940 0.946
p.Roach_small.Aq           0.941 0.026 0.883 0.894 0.925 0.943 0.958 0.979 0.986
p.Ruffe.Aq                 0.706 0.052 0.598 0.617 0.673 0.707 0.742 0.787 0.802
p.Smelt.Aq                 0.993 0.006 0.976 0.980 0.990 0.995 0.997 0.999 1.000
p.Vendace.Aq               0.876 0.036 0.798 0.813 0.854 0.880 0.902 0.929 0.937
p.Asellus_littoral.Ter     0.677 0.056 0.559 0.582 0.641 0.679 0.716 0.764 0.781
p.Bleak.Ter                0.150 0.037 0.085 0.094 0.125 0.147 0.173 0.219 0.232
p.Bulk_BMI_littoral.Ter    0.492 0.065 0.358 0.383 0.448 0.493 0.536 0.597 0.618
p.Bulk_BMI_profundal.Ter   0.739 0.051 0.632 0.653 0.707 0.741 0.774 0.818 0.832
p.Bulk_ZPL.Ter             0.130 0.034 0.071 0.079 0.107 0.128 0.152 0.190 0.201
p.Chaoborus.Ter            0.041 0.024 0.004 0.007 0.023 0.039 0.056 0.085 0.096
p.Chironomid_littoral.Ter  0.391 0.065 0.269 0.289 0.346 0.390 0.436 0.502 0.523
p.Chironomid_Profundal.Ter 0.861 0.034 0.788 0.803 0.841 0.864 0.885 0.912 0.919
p.Cladocera.Ter            0.242 0.053 0.148 0.161 0.206 0.240 0.276 0.333 0.354
p.Copepods.Ter             0.012 0.011 0.000 0.001 0.004 0.009 0.017 0.034 0.040
p.Perch_large.Ter          0.295 0.051 0.201 0.217 0.260 0.293 0.328 0.382 0.401
p.Perch_medium.Ter         0.145 0.033 0.088 0.095 0.121 0.142 0.165 0.204 0.216
p.Perch_small.Ter          0.048 0.016 0.022 0.025 0.037 0.046 0.058 0.076 0.084
p.Pike.Ter                 0.332 0.057 0.227 0.241 0.292 0.330 0.370 0.431 0.446
p.Roach_large.Ter          0.099 0.026 0.054 0.060 0.081 0.097 0.115 0.146 0.158
p.Roach_small.Ter          0.059 0.026 0.014 0.021 0.042 0.057 0.075 0.106 0.117
p.Ruffe.Ter                0.294 0.052 0.198 0.213 0.258 0.293 0.327 0.383 0.402
p.Smelt.Ter                0.007 0.006 0.000 0.001 0.003 0.005 0.010 0.020 0.024
p.Vendace.Ter              0.124 0.036 0.063 0.071 0.098 0.120 0.146 0.187 0.202
p.Alajarvi.Aq              0.918 0.048 0.802 0.828 0.895 0.927 0.952 0.975 0.980
p.Alanne.Aq                0.250 0.105 0.091 0.106 0.173 0.233 0.309 0.448 0.500
p.Arkusjarvi.Aq            0.692 0.113 0.444 0.488 0.624 0.704 0.775 0.858 0.880
p.Erajarvi.Aq              0.846 0.070 0.680 0.717 0.807 0.859 0.897 0.938 0.948
p.Haapajarvi.Aq            0.774 0.092 0.560 0.604 0.722 0.785 0.841 0.901 0.918
p.Hameenjarvi.Aq           0.784 0.105 0.546 0.590 0.720 0.798 0.863 0.927 0.946
p.Hiidenvesi.Aq            0.931 0.040 0.828 0.852 0.912 0.938 0.959 0.978 0.982
p.Hirvijarvi.Aq            0.402 0.128 0.182 0.205 0.309 0.393 0.489 0.631 0.674
p.Horkajarvi.Aq            0.365 0.135 0.138 0.166 0.263 0.354 0.452 0.604 0.659
p.Joroisselka.Aq           0.802 0.086 0.591 0.642 0.752 0.815 0.865 0.922 0.934
p.Jyvasjarvi.Aq            0.739 0.098 0.523 0.564 0.679 0.748 0.810 0.880 0.901
p.Kakkisenjarvi.Aq         0.293 0.114 0.115 0.133 0.210 0.276 0.361 0.509 0.555
p.Kakskerranjarvi.Aq       0.759 0.103 0.518 0.564 0.696 0.772 0.834 0.902 0.918
p.Koylionjarvi.Aq          0.866 0.066 0.701 0.739 0.831 0.878 0.913 0.951 0.959
p.Kuhajarvi.Aq             0.945 0.046 0.826 0.852 0.928 0.959 0.977 0.991 0.994
p.Kuontijarvi.Aq           0.943 0.041 0.838 0.866 0.926 0.953 0.972 0.988 0.992
p.Majajarvi.Aq             0.586 0.133 0.307 0.361 0.495 0.591 0.684 0.793 0.826
p.Niemisjarvi.Aq           0.774 0.094 0.557 0.603 0.720 0.787 0.841 0.905 0.922
p.Paajarvi.Aq              0.947 0.031 0.870 0.890 0.933 0.954 0.970 0.984 0.987
p.Pankajarvi.Aq            0.654 0.119 0.404 0.443 0.577 0.662 0.740 0.836 0.864
p.Pesosjarvi.Aq            0.756 0.113 0.494 0.544 0.689 0.775 0.840 0.909 0.922
p.Pusulanjarvi.Aq          0.886 0.056 0.748 0.777 0.856 0.897 0.927 0.958 0.966
p.Pyhajarvi.Aq             0.914 0.051 0.785 0.816 0.890 0.925 0.951 0.976 0.981
p.Ruokojarvi.Aq            0.697 0.117 0.435 0.485 0.622 0.709 0.783 0.869 0.889
p.Saaksjarvi.Aq            0.883 0.057 0.743 0.775 0.854 0.893 0.925 0.956 0.964
p.Saaskjarvi.Aq            0.818 0.080 0.630 0.666 0.773 0.830 0.878 0.926 0.939
p.Suuri-Vahvanen.Aq        0.723 0.109 0.485 0.530 0.654 0.737 0.805 0.878 0.896
p.Suuri Jukajarvi.Aq       0.918 0.046 0.804 0.830 0.897 0.926 0.949 0.972 0.977
p.Tottijarvi.Aq            0.934 0.038 0.837 0.861 0.915 0.942 0.961 0.980 0.984
p.Valkea-Kotinen.Aq        0.500 0.142 0.240 0.272 0.395 0.498 0.603 0.731 0.770
p.Vesijarvi.Aq             0.936 0.039 0.837 0.860 0.918 0.945 0.965 0.982 0.985
p.Viippero.Aq              0.475 0.132 0.227 0.264 0.381 0.470 0.569 0.695 0.735
p.Viitaanjarvi.Aq          0.631 0.121 0.376 0.419 0.551 0.634 0.718 0.821 0.851
p.Villikkalanjarvi.Aq      0.865 0.065 0.704 0.742 0.832 0.877 0.912 0.950 0.959
p.Ylisjarvi.Aq             0.950 0.038 0.852 0.875 0.936 0.960 0.976 0.989 0.991
p.Alajarvi.Ter             0.082 0.048 0.020 0.025 0.048 0.073 0.105 0.172 0.198
p.Alanne.Ter               0.750 0.105 0.500 0.552 0.691 0.767 0.827 0.894 0.909
p.Arkusjarvi.Ter           0.308 0.113 0.120 0.142 0.225 0.296 0.376 0.512 0.556
p.Erajarvi.Ter             0.154 0.070 0.052 0.062 0.103 0.141 0.193 0.283 0.320
p.Haapajarvi.Ter           0.226 0.092 0.082 0.099 0.159 0.215 0.278 0.396 0.440
p.Hameenjarvi.Ter          0.216 0.105 0.054 0.073 0.137 0.202 0.280 0.410 0.454
p.Hiidenvesi.Ter           0.069 0.040 0.018 0.022 0.041 0.062 0.088 0.148 0.172
p.Hirvijarvi.Ter           0.598 0.128 0.326 0.369 0.511 0.607 0.691 0.795 0.818
p.Horkajarvi.Ter           0.635 0.135 0.341 0.396 0.548 0.646 0.737 0.834 0.862
p.Joroisselka.Ter          0.198 0.086 0.066 0.078 0.135 0.185 0.248 0.358 0.409
p.Jyvasjarvi.Ter           0.261 0.098 0.099 0.120 0.190 0.252 0.321 0.436 0.477
p.Kakkisenjarvi.Ter        0.707 0.114 0.445 0.491 0.639 0.724 0.790 0.867 0.885
p.Kakskerranjarvi.Ter      0.241 0.103 0.082 0.098 0.166 0.228 0.304 0.436 0.482
p.Koylionjarvi.Ter         0.134 0.066 0.041 0.049 0.087 0.122 0.169 0.261 0.299
p.Kuhajarvi.Ter            0.055 0.046 0.006 0.009 0.023 0.041 0.072 0.148 0.174
p.Kuontijarvi.Ter          0.057 0.041 0.008 0.012 0.028 0.047 0.074 0.134 0.162
p.Majajarvi.Ter            0.414 0.133 0.174 0.207 0.316 0.409 0.505 0.639 0.693
p.Niemisjarvi.Ter          0.226 0.094 0.078 0.095 0.159 0.213 0.280 0.397 0.443
p.Paajarvi.Ter             0.053 0.031 0.013 0.016 0.030 0.046 0.067 0.110 0.130
p.Pankajarvi.Ter           0.346 0.119 0.136 0.164 0.260 0.338 0.423 0.557 0.596
p.Pesosjarvi.Ter           0.244 0.113 0.078 0.091 0.160 0.225 0.311 0.456 0.506
p.Pusulanjarvi.Ter         0.114 0.056 0.034 0.042 0.073 0.103 0.144 0.223 0.252
p.Pyhajarvi.Ter            0.086 0.051 0.019 0.024 0.049 0.075 0.110 0.184 0.215
p.Ruokojarvi.Ter           0.303 0.117 0.111 0.131 0.217 0.291 0.378 0.515 0.565
p.Saaksjarvi.Ter           0.117 0.057 0.036 0.044 0.075 0.107 0.146 0.225 0.257
p.Saaskjarvi.Ter           0.182 0.080 0.061 0.074 0.122 0.170 0.227 0.334 0.370
p.Suuri-Vahvanen.Ter       0.277 0.109 0.104 0.122 0.195 0.263 0.346 0.470 0.515
p.Suuri Jukajarvi.Ter      0.082 0.046 0.023 0.028 0.051 0.074 0.103 0.170 0.196
p.Tottijarvi.Ter           0.066 0.038 0.016 0.020 0.039 0.058 0.085 0.139 0.163
p.Valkea-Kotinen.Ter       0.500 0.142 0.230 0.269 0.397 0.502 0.605 0.728 0.760
p.Vesijarvi.Ter            0.064 0.039 0.015 0.018 0.035 0.055 0.082 0.140 0.163
p.Viippero.Ter             0.525 0.132 0.265 0.305 0.431 0.530 0.619 0.736 0.773
p.Viitaanjarvi.Ter         0.369 0.121 0.149 0.179 0.282 0.366 0.449 0.581 0.624
p.Villikkalanjarvi.Ter     0.135 0.065 0.041 0.050 0.088 0.123 0.168 0.258 0.296
p.Ylisjarvi.Ter            0.050 0.038 0.009 0.011 0.024 0.040 0.064 0.125 0.148
