
#################################################################
# Summary Statistics
#################################################################

DIC = 1758.257

                            Mean    SD  2.5%    5%   25%   50%   75%   95% 97.5%
Epsilon.1                  0.348 0.017 0.316 0.320 0.336 0.347 0.360 0.377 0.382
species.SD                 0.915 0.181 0.629 0.663 0.789 0.891 1.015 1.246 1.321
Lake.SD                    0.457 0.071 0.334 0.352 0.407 0.448 0.500 0.585 0.616
p.global.Aq                0.540 0.081 0.381 0.411 0.483 0.539 0.595 0.674 0.698
p.global.Ter               0.460 0.081 0.302 0.326 0.405 0.461 0.517 0.589 0.619
p.Asellus_littoral.Aq      0.259 0.032 0.200 0.207 0.236 0.257 0.281 0.312 0.323
p.Bleak.Aq                 0.585 0.034 0.516 0.529 0.563 0.585 0.609 0.641 0.653
p.Bulk_BMI_littoral.Aq     0.409 0.036 0.339 0.352 0.386 0.408 0.432 0.469 0.481
p.Bulk_BMI_profundal.Aq    0.138 0.026 0.089 0.097 0.120 0.138 0.156 0.183 0.192
p.Bulk_ZPL.Aq              0.801 0.031 0.737 0.747 0.781 0.803 0.822 0.850 0.860
p.Chaoborus.Aq             0.813 0.043 0.723 0.738 0.785 0.814 0.843 0.880 0.890
p.Chironomid_littoral.Aq   0.550 0.046 0.458 0.474 0.519 0.549 0.581 0.626 0.641
p.Chironomid_Profundal.Aq  0.091 0.023 0.051 0.056 0.075 0.089 0.105 0.131 0.138
p.Cladocera.Aq             0.702 0.039 0.624 0.637 0.676 0.702 0.729 0.767 0.777
p.Copepods.Aq              0.917 0.031 0.852 0.864 0.896 0.919 0.939 0.964 0.971
p.Perch_large.Aq           0.370 0.030 0.310 0.320 0.350 0.369 0.390 0.421 0.430
p.Perch_medium.Aq          0.538 0.033 0.475 0.486 0.516 0.538 0.559 0.590 0.602
p.Perch_small.Aq           0.739 0.031 0.676 0.687 0.717 0.739 0.760 0.789 0.797
p.Pike.Aq                  0.295 0.032 0.234 0.243 0.273 0.294 0.316 0.350 0.360
p.Roach_large.Aq           0.603 0.033 0.539 0.549 0.581 0.603 0.626 0.656 0.666
p.Roach_small.Aq           0.703 0.033 0.637 0.648 0.681 0.703 0.725 0.756 0.766
p.Ruffe.Aq                 0.360 0.030 0.303 0.312 0.341 0.360 0.380 0.409 0.420
p.Smelt.Aq                 0.708 0.034 0.640 0.651 0.684 0.708 0.731 0.764 0.775
p.Vendace.Aq               0.643 0.053 0.541 0.556 0.608 0.642 0.679 0.732 0.747
p.Asellus_littoral.Ter     0.741 0.032 0.677 0.688 0.719 0.743 0.764 0.793 0.800
p.Bleak.Ter                0.415 0.034 0.347 0.359 0.391 0.415 0.437 0.471 0.484
p.Bulk_BMI_littoral.Ter    0.591 0.036 0.519 0.531 0.568 0.592 0.614 0.648 0.661
p.Bulk_BMI_profundal.Ter   0.862 0.026 0.808 0.817 0.844 0.862 0.880 0.903 0.911
p.Bulk_ZPL.Ter             0.199 0.031 0.140 0.150 0.178 0.197 0.219 0.253 0.263
p.Chaoborus.Ter            0.187 0.043 0.110 0.120 0.157 0.186 0.215 0.262 0.277
p.Chironomid_littoral.Ter  0.450 0.046 0.359 0.374 0.419 0.451 0.481 0.526 0.542
p.Chironomid_Profundal.Ter 0.909 0.023 0.862 0.869 0.895 0.911 0.925 0.944 0.949
p.Cladocera.Ter            0.298 0.039 0.223 0.233 0.271 0.298 0.324 0.363 0.376
p.Copepods.Ter             0.083 0.031 0.029 0.036 0.061 0.081 0.104 0.136 0.148
p.Perch_large.Ter          0.630 0.030 0.570 0.579 0.610 0.631 0.650 0.680 0.690
p.Perch_medium.Ter         0.462 0.033 0.398 0.410 0.441 0.462 0.484 0.514 0.525
p.Perch_small.Ter          0.261 0.031 0.203 0.211 0.240 0.261 0.283 0.313 0.324
p.Pike.Ter                 0.705 0.032 0.640 0.650 0.684 0.706 0.727 0.757 0.766
p.Roach_large.Ter          0.397 0.033 0.334 0.344 0.374 0.397 0.419 0.451 0.461
p.Roach_small.Ter          0.297 0.033 0.234 0.244 0.275 0.297 0.319 0.352 0.363
p.Ruffe.Ter                0.640 0.030 0.580 0.591 0.620 0.640 0.659 0.688 0.697
p.Smelt.Ter                0.292 0.034 0.225 0.236 0.269 0.292 0.316 0.349 0.360
p.Vendace.Ter              0.357 0.053 0.253 0.268 0.321 0.358 0.392 0.444 0.459
p.Alajarvi.Aq              0.785 0.069 0.635 0.660 0.740 0.792 0.835 0.885 0.898
p.Alanne.Aq                0.370 0.098 0.194 0.220 0.300 0.363 0.433 0.541 0.573
p.Arkusjarvi.Aq            0.403 0.084 0.250 0.274 0.343 0.398 0.460 0.549 0.574
p.Erajarvi.Aq              0.655 0.080 0.489 0.521 0.603 0.656 0.713 0.781 0.803
p.Haapajarvi.Aq            0.636 0.081 0.471 0.502 0.581 0.637 0.693 0.763 0.785
p.Hameenjarvi.Aq           0.567 0.086 0.394 0.424 0.508 0.567 0.627 0.709 0.731
p.Hiidenvesi.Aq            0.703 0.078 0.539 0.567 0.653 0.709 0.759 0.824 0.842
p.Hirvijarvi.Aq            0.523 0.097 0.332 0.358 0.458 0.522 0.592 0.684 0.709
p.Horkajarvi.Aq            0.486 0.103 0.291 0.318 0.415 0.486 0.555 0.657 0.689
p.Joroisselka.Aq           0.666 0.079 0.499 0.532 0.614 0.672 0.722 0.790 0.809
p.Jyvasjarvi.Aq            0.638 0.079 0.476 0.507 0.586 0.642 0.692 0.766 0.786
p.Kakkisenjarvi.Aq         0.332 0.089 0.179 0.195 0.268 0.326 0.388 0.489 0.515
p.Kakskerranjarvi.Aq       0.283 0.078 0.149 0.166 0.227 0.276 0.332 0.419 0.450
p.Koylionjarvi.Aq          0.314 0.091 0.155 0.178 0.249 0.307 0.372 0.476 0.504
p.Kuhajarvi.Aq             0.456 0.096 0.276 0.305 0.389 0.453 0.522 0.618 0.650
p.Kuontijarvi.Aq           0.377 0.110 0.195 0.216 0.299 0.367 0.445 0.573 0.617
p.Majajarvi.Aq             0.597 0.098 0.401 0.429 0.530 0.599 0.668 0.752 0.775
p.Niemisjarvi.Aq           0.593 0.090 0.413 0.442 0.532 0.593 0.655 0.738 0.761
p.Paajarvi.Aq              0.782 0.066 0.634 0.664 0.742 0.789 0.830 0.879 0.891
p.Pankajarvi.Aq            0.477 0.089 0.310 0.338 0.413 0.474 0.538 0.628 0.656
p.Pesosjarvi.Aq            0.567 0.087 0.392 0.423 0.510 0.568 0.626 0.711 0.731
p.Pusulanjarvi.Aq          0.696 0.076 0.542 0.565 0.645 0.699 0.752 0.812 0.832
p.Pyhajarvi.Aq             0.524 0.102 0.324 0.354 0.455 0.521 0.597 0.691 0.720
p.Ruokojarvi.Aq            0.448 0.087 0.283 0.307 0.388 0.446 0.507 0.592 0.626
p.Saaksjarvi.Aq            0.423 0.086 0.262 0.287 0.363 0.420 0.480 0.570 0.600
p.Saaskjarvi.Aq            0.398 0.091 0.233 0.255 0.335 0.394 0.460 0.552 0.585
p.Suuri-Vahvanen.Aq        0.613 0.085 0.441 0.465 0.559 0.616 0.674 0.748 0.771
p.Suuri Jukajarvi.Aq       0.618 0.091 0.432 0.461 0.556 0.620 0.682 0.762 0.786
p.Tottijarvi.Aq            0.642 0.090 0.450 0.484 0.584 0.645 0.707 0.785 0.808
p.Valkea-Kotinen.Aq        0.448 0.110 0.244 0.273 0.372 0.446 0.522 0.631 0.667
p.Vesijarvi.Aq             0.590 0.098 0.397 0.427 0.522 0.593 0.659 0.745 0.773
p.Viippero.Aq              0.424 0.091 0.258 0.285 0.360 0.419 0.483 0.584 0.614
p.Viitaanjarvi.Aq          0.570 0.084 0.406 0.430 0.513 0.568 0.627 0.709 0.733
p.Villikkalanjarvi.Aq      0.599 0.089 0.417 0.451 0.540 0.600 0.661 0.742 0.765
p.Ylisjarvi.Aq             0.606 0.104 0.397 0.437 0.534 0.606 0.681 0.772 0.801
p.Alajarvi.Ter             0.215 0.069 0.102 0.115 0.165 0.208 0.260 0.340 0.365
p.Alanne.Ter               0.630 0.098 0.427 0.459 0.567 0.637 0.700 0.780 0.806
p.Arkusjarvi.Ter           0.597 0.084 0.426 0.451 0.540 0.602 0.657 0.726 0.750
p.Erajarvi.Ter             0.345 0.080 0.197 0.219 0.287 0.344 0.397 0.479 0.511
p.Haapajarvi.Ter           0.364 0.081 0.215 0.237 0.307 0.363 0.419 0.498 0.529
p.Hameenjarvi.Ter          0.433 0.086 0.269 0.291 0.373 0.433 0.492 0.576 0.606
p.Hiidenvesi.Ter           0.297 0.078 0.158 0.176 0.241 0.291 0.347 0.433 0.461
p.Hirvijarvi.Ter           0.477 0.097 0.291 0.316 0.408 0.478 0.542 0.642 0.668
p.Horkajarvi.Ter           0.514 0.103 0.311 0.343 0.445 0.514 0.585 0.682 0.709
p.Joroisselka.Ter          0.334 0.079 0.191 0.210 0.278 0.328 0.386 0.468 0.501
p.Jyvasjarvi.Ter           0.362 0.079 0.214 0.234 0.308 0.358 0.414 0.493 0.524
p.Kakkisenjarvi.Ter        0.668 0.089 0.485 0.511 0.612 0.674 0.732 0.805 0.821
p.Kakskerranjarvi.Ter      0.717 0.078 0.550 0.581 0.668 0.724 0.773 0.834 0.851
p.Koylionjarvi.Ter         0.686 0.091 0.496 0.524 0.628 0.693 0.751 0.822 0.845
p.Kuhajarvi.Ter            0.544 0.096 0.350 0.382 0.478 0.547 0.611 0.695 0.724
p.Kuontijarvi.Ter          0.623 0.110 0.383 0.427 0.555 0.633 0.701 0.784 0.805
p.Majajarvi.Ter            0.403 0.098 0.225 0.248 0.332 0.401 0.470 0.571 0.599
p.Niemisjarvi.Ter          0.407 0.090 0.239 0.262 0.345 0.407 0.468 0.558 0.587
p.Paajarvi.Ter             0.218 0.066 0.109 0.121 0.170 0.211 0.258 0.336 0.366
p.Pankajarvi.Ter           0.523 0.089 0.344 0.372 0.462 0.526 0.587 0.662 0.690
p.Pesosjarvi.Ter           0.433 0.087 0.269 0.289 0.374 0.432 0.490 0.577 0.608
p.Pusulanjarvi.Ter         0.304 0.076 0.168 0.188 0.248 0.301 0.355 0.435 0.458
p.Pyhajarvi.Ter            0.476 0.102 0.280 0.309 0.403 0.479 0.545 0.646 0.676
p.Ruokojarvi.Ter           0.552 0.087 0.374 0.408 0.493 0.554 0.612 0.693 0.717
p.Saaksjarvi.Ter           0.577 0.086 0.400 0.430 0.520 0.580 0.637 0.713 0.738
p.Saaskjarvi.Ter           0.602 0.091 0.415 0.448 0.540 0.606 0.665 0.745 0.767
p.Suuri-Vahvanen.Ter       0.387 0.085 0.229 0.252 0.326 0.384 0.441 0.535 0.559
p.Suuri Jukajarvi.Ter      0.382 0.091 0.214 0.238 0.318 0.380 0.444 0.539 0.568
p.Tottijarvi.Ter           0.358 0.090 0.192 0.215 0.293 0.355 0.416 0.516 0.550
p.Valkea-Kotinen.Ter       0.552 0.110 0.333 0.369 0.478 0.554 0.628 0.727 0.756
p.Vesijarvi.Ter            0.410 0.098 0.227 0.255 0.341 0.407 0.478 0.573 0.603
p.Viippero.Ter             0.576 0.091 0.386 0.416 0.517 0.581 0.640 0.715 0.742
p.Viitaanjarvi.Ter         0.430 0.084 0.267 0.291 0.373 0.432 0.487 0.570 0.594
p.Villikkalanjarvi.Ter     0.401 0.089 0.235 0.258 0.339 0.400 0.460 0.549 0.583
p.Ylisjarvi.Ter            0.394 0.104 0.199 0.228 0.319 0.394 0.466 0.563 0.603
