
#################################################################
# Summary Statistics
#################################################################

DIC = 4371.685

                            Mean    SD  2.5%    5%   25%   50%   75%   95% 97.5%
Epsilon.1                  1.350 0.085 1.189 1.214 1.292 1.347 1.405 1.495 1.522
species.SD                 3.279 1.067 1.888 2.043 2.548 3.072 3.773 5.191 5.752
Lake.SD                    0.471 0.106 0.299 0.322 0.397 0.456 0.532 0.665 0.725
p.global.Aq                0.969 0.049 0.847 0.895 0.963 0.983 0.993 0.998 0.999
p.global.Ter               0.031 0.049 0.001 0.002 0.007 0.017 0.037 0.105 0.153
p.Asellus_littoral.Aq      0.524 0.047 0.434 0.448 0.491 0.525 0.555 0.604 0.620
p.Bleak.Aq                 0.994 0.007 0.974 0.979 0.991 0.997 0.999 1.000 1.000
p.Bulk_BMI_littoral.Aq     0.717 0.044 0.632 0.644 0.688 0.717 0.747 0.790 0.802
p.Bulk_BMI_profundal.Aq    0.480 0.049 0.386 0.401 0.445 0.480 0.514 0.562 0.578
p.Bulk_ZPL.Aq              0.946 0.025 0.896 0.906 0.930 0.947 0.965 0.986 0.992
p.Chaoborus.Aq             0.999 0.002 0.992 0.994 0.999 1.000 1.000 1.000 1.000
p.Chironomid_littoral.Aq   0.821 0.048 0.725 0.742 0.790 0.822 0.854 0.896 0.910
p.Chironomid_Profundal.Aq  0.275 0.046 0.188 0.204 0.243 0.274 0.306 0.353 0.369
p.Cladocera.Aq             0.819 0.042 0.737 0.751 0.790 0.820 0.848 0.886 0.899
p.Copepods.Aq              0.999 0.003 0.990 0.993 0.999 1.000 1.000 1.000 1.000
p.Perch_large.Aq           0.990 0.007 0.973 0.976 0.986 0.991 0.995 0.998 0.999
p.Perch_medium.Aq          0.998 0.002 0.992 0.994 0.998 0.999 1.000 1.000 1.000
p.Perch_small.Aq           0.999 0.001 0.997 0.998 0.999 1.000 1.000 1.000 1.000
p.Pike.Aq                  0.980 0.016 0.941 0.950 0.972 0.983 0.992 0.999 1.000
p.Roach_large.Aq           0.999 0.002 0.993 0.995 0.999 1.000 1.000 1.000 1.000
p.Roach_small.Aq           0.999 0.002 0.994 0.996 0.999 1.000 1.000 1.000 1.000
p.Ruffe.Aq                 0.991 0.009 0.967 0.973 0.987 0.994 0.997 1.000 1.000
p.Smelt.Aq                 1.000 0.001 0.998 0.998 1.000 1.000 1.000 1.000 1.000
p.Vendace.Aq               0.997 0.004 0.984 0.988 0.997 0.999 1.000 1.000 1.000
p.Asellus_littoral.Ter     0.476 0.047 0.380 0.396 0.445 0.475 0.509 0.552 0.566
p.Bleak.Ter                0.006 0.007 0.000 0.000 0.001 0.003 0.009 0.021 0.026
p.Bulk_BMI_littoral.Ter    0.283 0.044 0.198 0.210 0.253 0.283 0.312 0.356 0.368
p.Bulk_BMI_profundal.Ter   0.520 0.049 0.422 0.438 0.486 0.520 0.555 0.599 0.614
p.Bulk_ZPL.Ter             0.054 0.025 0.008 0.014 0.035 0.053 0.070 0.094 0.104
p.Chaoborus.Ter            0.001 0.002 0.000 0.000 0.000 0.000 0.001 0.006 0.008
p.Chironomid_littoral.Ter  0.179 0.048 0.090 0.104 0.146 0.178 0.210 0.258 0.275
p.Chironomid_Profundal.Ter 0.725 0.046 0.631 0.647 0.694 0.726 0.757 0.796 0.812
p.Cladocera.Ter            0.181 0.042 0.101 0.114 0.152 0.180 0.210 0.249 0.263
p.Copepods.Ter             0.001 0.003 0.000 0.000 0.000 0.000 0.001 0.007 0.010
p.Perch_large.Ter          0.010 0.007 0.001 0.002 0.005 0.009 0.014 0.024 0.027
p.Perch_medium.Ter         0.002 0.002 0.000 0.000 0.000 0.001 0.002 0.006 0.008
p.Perch_small.Ter          0.001 0.001 0.000 0.000 0.000 0.000 0.001 0.002 0.003
p.Pike.Ter                 0.020 0.016 0.000 0.001 0.008 0.017 0.028 0.050 0.059
p.Roach_large.Ter          0.001 0.002 0.000 0.000 0.000 0.000 0.001 0.005 0.007
p.Roach_small.Ter          0.001 0.002 0.000 0.000 0.000 0.000 0.001 0.004 0.006
p.Ruffe.Ter                0.009 0.009 0.000 0.000 0.003 0.006 0.013 0.027 0.033
p.Smelt.Ter                0.000 0.001 0.000 0.000 0.000 0.000 0.000 0.002 0.002
p.Vendace.Ter              0.003 0.004 0.000 0.000 0.000 0.001 0.003 0.012 0.016
p.Alajarvi.Aq              0.973 0.045 0.868 0.911 0.970 0.987 0.995 0.999 0.999
p.Alanne.Aq                0.972 0.045 0.850 0.907 0.967 0.985 0.994 0.999 0.999
p.Arkusjarvi.Aq            0.956 0.065 0.787 0.848 0.948 0.977 0.991 0.998 0.999
p.Erajarvi.Aq              0.954 0.070 0.768 0.845 0.947 0.976 0.990 0.997 0.999
p.Haapajarvi.Aq            0.941 0.081 0.716 0.803 0.929 0.967 0.985 0.996 0.998
p.Hameenjarvi.Aq           0.984 0.030 0.916 0.947 0.983 0.993 0.997 0.999 1.000
p.Hiidenvesi.Aq            0.977 0.039 0.882 0.920 0.974 0.989 0.996 0.999 0.999
p.Hirvijarvi.Aq            0.966 0.052 0.828 0.884 0.960 0.982 0.992 0.998 0.999
p.Horkajarvi.Aq            0.946 0.072 0.739 0.815 0.935 0.971 0.988 0.997 0.998
p.Joroisselka.Aq           0.959 0.061 0.791 0.859 0.952 0.979 0.991 0.998 0.999
p.Jyvasjarvi.Aq            0.934 0.085 0.699 0.786 0.918 0.961 0.983 0.996 0.997
p.Kakkisenjarvi.Aq         0.958 0.064 0.792 0.858 0.951 0.978 0.991 0.998 0.999
p.Kakskerranjarvi.Aq       0.952 0.072 0.771 0.830 0.944 0.976 0.990 0.998 0.999
p.Koylionjarvi.Aq          0.952 0.073 0.756 0.826 0.945 0.976 0.991 0.998 0.999
p.Kuhajarvi.Aq             0.983 0.034 0.911 0.944 0.983 0.992 0.997 0.999 1.000
p.Kuontijarvi.Aq           0.985 0.026 0.926 0.950 0.984 0.993 0.997 0.999 1.000
p.Majajarvi.Aq             0.977 0.041 0.876 0.921 0.976 0.989 0.996 0.999 0.999
p.Niemisjarvi.Aq           0.947 0.074 0.742 0.820 0.937 0.971 0.987 0.997 0.998
p.Paajarvi.Aq              0.987 0.025 0.930 0.957 0.985 0.994 0.997 0.999 1.000
p.Pankajarvi.Aq            0.942 0.079 0.729 0.798 0.929 0.967 0.987 0.997 0.998
p.Pesosjarvi.Aq            0.978 0.037 0.875 0.924 0.975 0.989 0.996 0.999 0.999
p.Pusulanjarvi.Aq          0.966 0.054 0.822 0.886 0.962 0.983 0.993 0.998 0.999
p.Pyhajarvi.Aq             0.973 0.045 0.859 0.908 0.970 0.987 0.995 0.999 0.999
p.Ruokojarvi.Aq            0.971 0.049 0.849 0.899 0.968 0.986 0.994 0.999 0.999
p.Saaksjarvi.Aq            0.971 0.046 0.843 0.905 0.966 0.985 0.993 0.998 0.999
p.Saaskjarvi.Aq            0.958 0.065 0.785 0.854 0.953 0.979 0.991 0.998 0.999
p.Suuri-Vahvanen.Aq        0.974 0.046 0.866 0.905 0.971 0.987 0.995 0.999 0.999
p.Suuri Jukajarvi.Aq       0.983 0.031 0.914 0.946 0.982 0.992 0.997 0.999 1.000
p.Tottijarvi.Aq            0.970 0.051 0.848 0.896 0.967 0.985 0.994 0.999 0.999
p.Valkea-Kotinen.Aq        0.962 0.059 0.803 0.858 0.957 0.982 0.993 0.998 0.999
p.Vesijarvi.Aq             0.970 0.050 0.840 0.900 0.967 0.986 0.994 0.999 0.999
p.Viippero.Aq              0.952 0.068 0.768 0.839 0.942 0.974 0.989 0.997 0.999
p.Viitaanjarvi.Aq          0.955 0.065 0.786 0.847 0.946 0.976 0.990 0.997 0.999
p.Villikkalanjarvi.Aq      0.964 0.059 0.812 0.880 0.958 0.982 0.993 0.998 0.999
p.Ylisjarvi.Aq             0.973 0.044 0.851 0.908 0.970 0.988 0.995 0.999 0.999
p.Alajarvi.Ter             0.027 0.045 0.001 0.001 0.005 0.013 0.030 0.089 0.132
p.Alanne.Ter               0.028 0.045 0.001 0.001 0.006 0.015 0.033 0.093 0.150
p.Arkusjarvi.Ter           0.044 0.065 0.001 0.002 0.009 0.023 0.052 0.152 0.213
p.Erajarvi.Ter             0.046 0.070 0.001 0.003 0.010 0.024 0.053 0.155 0.232
p.Haapajarvi.Ter           0.059 0.081 0.002 0.004 0.015 0.033 0.071 0.197 0.284
p.Hameenjarvi.Ter          0.016 0.030 0.000 0.001 0.003 0.007 0.017 0.053 0.084
p.Hiidenvesi.Ter           0.023 0.039 0.001 0.001 0.004 0.011 0.026 0.080 0.118
p.Hirvijarvi.Ter           0.034 0.052 0.001 0.002 0.008 0.018 0.040 0.116 0.172
p.Horkajarvi.Ter           0.054 0.072 0.002 0.003 0.012 0.029 0.065 0.185 0.261
p.Joroisselka.Ter          0.041 0.061 0.001 0.002 0.009 0.021 0.048 0.141 0.209
p.Jyvasjarvi.Ter           0.066 0.085 0.003 0.004 0.017 0.039 0.082 0.214 0.301
p.Kakkisenjarvi.Ter        0.042 0.064 0.001 0.002 0.009 0.022 0.049 0.142 0.208
p.Kakskerranjarvi.Ter      0.048 0.072 0.001 0.002 0.010 0.024 0.056 0.170 0.229
p.Koylionjarvi.Ter         0.048 0.073 0.001 0.002 0.009 0.024 0.055 0.174 0.244
p.Kuhajarvi.Ter            0.017 0.034 0.000 0.001 0.003 0.008 0.017 0.056 0.089
p.Kuontijarvi.Ter          0.015 0.026 0.000 0.001 0.003 0.007 0.016 0.050 0.074
p.Majajarvi.Ter            0.023 0.041 0.001 0.001 0.004 0.011 0.024 0.079 0.124
p.Niemisjarvi.Ter          0.053 0.074 0.002 0.003 0.013 0.029 0.063 0.180 0.258
p.Paajarvi.Ter             0.013 0.025 0.000 0.001 0.003 0.006 0.015 0.043 0.070
p.Pankajarvi.Ter           0.058 0.079 0.002 0.003 0.013 0.033 0.071 0.202 0.271
p.Pesosjarvi.Ter           0.022 0.037 0.001 0.001 0.004 0.011 0.025 0.076 0.125
p.Pusulanjarvi.Ter         0.034 0.054 0.001 0.002 0.007 0.017 0.038 0.114 0.178
p.Pyhajarvi.Ter            0.027 0.045 0.001 0.001 0.005 0.013 0.030 0.092 0.141
p.Ruokojarvi.Ter           0.029 0.049 0.001 0.001 0.006 0.014 0.032 0.101 0.151
p.Saaksjarvi.Ter           0.029 0.046 0.001 0.002 0.007 0.015 0.034 0.095 0.157
p.Saaskjarvi.Ter           0.042 0.065 0.001 0.002 0.009 0.021 0.047 0.146 0.215
p.Suuri-Vahvanen.Ter       0.026 0.046 0.001 0.001 0.005 0.013 0.029 0.095 0.134
p.Suuri Jukajarvi.Ter      0.017 0.031 0.000 0.001 0.003 0.008 0.018 0.054 0.086
p.Tottijarvi.Ter           0.030 0.051 0.001 0.001 0.006 0.015 0.033 0.104 0.152
p.Valkea-Kotinen.Ter       0.038 0.059 0.001 0.002 0.007 0.018 0.043 0.142 0.197
p.Vesijarvi.Ter            0.030 0.050 0.001 0.001 0.006 0.014 0.033 0.100 0.160
p.Viippero.Ter             0.048 0.068 0.001 0.003 0.011 0.026 0.058 0.161 0.232
p.Viitaanjarvi.Ter         0.045 0.065 0.001 0.003 0.010 0.024 0.054 0.153 0.214
p.Villikkalanjarvi.Ter     0.036 0.059 0.001 0.002 0.007 0.018 0.042 0.120 0.188
p.Ylisjarvi.Ter            0.027 0.044 0.001 0.001 0.005 0.012 0.030 0.092 0.149
